883 "amazon" 1441 6623969
704 "amazon" 609 3897091
856 "amazon" 1053 2500075
807 "amazon" 719 2589292
422 "amazon" 178 3340031
301 "amazon" 344 4974293
578 "amazon" 1314 3778636
817 "amazon" 938 3545631
423 "amazon" 183 3593282
11 "amazon" 418 5076085
677 "amazon" 612 2795154
316 "amazon" 263 4760984
631 "amazon" 487 3465836
379 "amazon" 514 4754134
554 "amazon" 516 3437340
181 "amazon" 497 4115145
294 "amazon" 388 4935176
138 "amazon" 407 4530456
623 "amazon" 577 3697934
40 "amazon" 663 5016991
46 "amazon" 498 4647737
229 "amazon" 977 4618236
815 "amazon" 203 2500055
780 "amazon" 350 2798674
54 "amazon" 617 4516401
195 "amazon" 495 4509327
606 "amazon" 515 3438838
396 "amazon" 363 3019202
123 "amazon" 248 4390534
120 "amazon" 373 4127933
437 "amazon" 261 3242335
448 "amazon" 379 5061752
155 "amazon" 517 4338452
302 "amazon" 431 4416049
890 "amazon" 686 3236710
524 "amazon" 233 3672117
626 "amazon" 246 2521199
44 "amazon" 149 2824642
182 "amazon" 396 4328019
149 "amazon" 382 2873197
421 "amazon" 514 4734608
624 "amazon" 539 3392113
157 "amazon" 261 2827932
382 "amazon" 605 4848535
730 "amazon" 551 2129305
329 "amazon" 648 5048823
649 "amazon" 304 3756953
277 "amazon" 324 4510454
506 "amazon" 80 2280882
165 "amazon" 245 4205059
669 "amazon" 476 4169888
156 "amazon" 295 2933652
703 "amazon" 455 2124225
344 "amazon" 246 4902639
772 "amazon" 300 2352231
154 "amazon" 840 4360701
287 "amazon" 380 4636599
574 "amazon" 1046 4039212
841 "amazon" 644 3572842
761 "amazon" 814 2764696
616 "amazon" 535 3565087
103 "amazon" 571 4788773
508 "amazon" 186 2749942
26 "amazon" 399 4338785
73 "amazon" 159 3273786
327 "amazon" 371 4550815
870 "amazon" 435 2780452
203 "amazon" 165 4472806
324 "amazon" 119 3264547
511 "amazon" 321 3063958
646 "amazon" 229 2290270
383 "amazon" 421 4754648
825 "amazon" 862 3779952
425 "amazon" 568 4623706
248 "amazon" 53 2647463
328 "amazon" 645 4867842
570 "amazon" 1465 2545168
116 "amazon" 685 4644643
225 "amazon" 308 4188329
571 "amazon" 2675 4191584
391 "amazon" 312 4230291
848 "amazon" 680 4528591
563 "amazon" 130 2677245
894 "amazon" 679 3639123
163 "amazon" 207 2785365
886 "amazon" 817 3512281
243 "amazon" 645 4522801
495 "amazon" 654 4501243
750 "amazon" 440 3141790
655 "amazon" 689 3971287
549 "amazon" 102 2589705
786 "amazon" 776 2422375
88 "amazon" 643 4592676
162 "amazon" 266 4368391
615 "amazon" 1101 3462001
755 "amazon" 1228 3452522
434 "amazon" 935 5243354
276 "amazon" 176 2877271
785 "amazon" 1794 4745278
641 "amazon" 1176 4287095
319 "amazon" 230 4820375
847 "amazon" 504 3748726
267 "amazon" 127 4214226
822 "amazon" 286 2794707
68 "amazon" 393 4616161
126 "amazon" 787 4392170
426 "amazon" 412 4480732
480 "amazon" 413 4382499
254 "amazon" 256 2661764
101 "amazon" 175 3506408
711 "amazon" 825 4163878
390 "amazon" 425 4092493
451 "amazon" 267 3415556
625 "amazon" 395 2419667
53 "amazon" 197 3957246
572 "amazon" 1376 4839349
731 "amazon" 742 2648796
505 "amazon" 238 3298435
764 "amazon" 1035 3116285
215 "amazon" 357 4675935
72 "amazon" 289 3205791
518 "amazon" 995 3945886
24 "amazon" 73 3060131
348 "amazon" 281 5110848
169 "amazon" 840 3890442
614 "amazon" 534 3733012
788 "amazon" 1335 4741652
441 "amazon" 418 5544096
51 "amazon" 118 4105936
222 "amazon" 200 4192195
714 "amazon" 788 3751506
160 "amazon" 249 4482613
202 "amazon" 135 4670018
782 "amazon" 468 4239273
75 "amazon" 506 4579666
898 "amazon" 433 2118847
360 "amazon" 315 3523798
247 "amazon" 141 2520574
792 "amazon" 661 3408712
621 "amazon" 234 6504326
94 "amazon" 63 3265793
852 "amazon" 837 4010576
758 "amazon" 224 2079118
496 "amazon" 1011 3725602
168 "amazon" 387 4065543
491 "amazon" 352 4865886
767 "amazon" 407 2793752
322 "amazon" 649 4958658
71 "amazon" 295 4509470
41 "amazon" 349 4957463
219 "amazon" 115 2720683
353 "amazon" 176 3358402
667 "amazon" 175 2584894
562 "amazon" 262 2568633
377 "amazon" 357 4989335
58 "amazon" 103 2914617
569 "amazon" 2255 2878348
823 "amazon" 527 3841293
738 "amazon" 188 2652019
443 "amazon" 253 2969332
187 "amazon" 110 2502894
122 "amazon" 269 2810253
876 "amazon" 498 3425537
862 "amazon" 875 3509373
424 "amazon" 407 4894003
221 "amazon" 157 3107732
530 "amazon" 1328 2532880
19 "amazon" 370 4488733
670 "amazon" 686 3718859
27 "amazon" 352 4022467
86 "amazon" 77 3309795
7 "amazon" 202 4655603
671 "amazon" 1031 3861537
38 "amazon" 149 3040015
285 "amazon" 224 4366242
326 "amazon" 348 4565233
743 "amazon" 756 3570753
272 "amazon" 122 4551867
312 "amazon" 480 4693756
457 "amazon" 131 2524135
827 "amazon" 377 2179522
17 "amazon" 205 3260643
191 "amazon" 131 2905549
339 "amazon" 180 3178056
439 "amazon" 485 4645945
388 "amazon" 183 3384201
367 "amazon" 473 2984685
607 "amazon" 520 3398379
380 "amazon" 127 3242533
31 "amazon" 166 2921246
14 "amazon" 420 4983113
528 "amazon" 128 1592211
135 "amazon" 90 3044464
725 "amazon" 852 3883337
581 "amazon" 701 1587650
234 "amazon" 62 2821690
70 "amazon" 517 4905867
305 "amazon" 278 4342723
132 "amazon" 598 4475862
478 "amazon" 265 3640602
404 "amazon" 552 3717186
627 "amazon" 598 3870696
608 "amazon" 781 3340789
237 "amazon" 121 4806965
32 "amazon" 774 3980524
12 "amazon" 697 5125939
280 "amazon" 437 4727916
330 "amazon" 365 4521996
781 "amazon" 281 3528852
809 "amazon" 795 3731500
118 "amazon" 524 5178713
431 "amazon" 526 4768668
333 "amazon" 211 4951951
406 "amazon" 1379 4768082
622 "amazon" 533 3931684
342 "amazon" 336 5016457
308 "amazon" 431 4747688
307 "amazon" 706 5036032
630 "amazon" 709 3745573
167 "amazon" 516 4128658
269 "amazon" 84 3045303
394 "amazon" 445 2759293
231 "amazon" 310 4907639
264 "amazon" 190 4682356
311 "amazon" 195 3143766
707 "amazon" 621 3993790
144 "amazon" 1179 4157667
522 "amazon" 352 4289615
779 "amazon" 288 2606559
173 "amazon" 608 4103950
661 "amazon" 241 3003629
183 "amazon" 232 4257148
401 "amazon" 199 2872294
801 "amazon" 529 3161683
260 "amazon" 221 4236287
705 "amazon" 488 4149974
778 "amazon" 435 3409283
553 "amazon" 550 4053200
460 "amazon" 874 3955559
62 "amazon" 445 4643934
749 "amazon" 604 3645271
398 "amazon" 1284 3704711
39 "amazon" 362 4415517
433 "amazon" 730 4990891
900 "amazon" 677 3493228
888 "amazon" 769 3635953
180 "amazon" 397 4218664
447 "amazon" 514 4990514
783 "amazon" 640 4008272
346 "amazon" 179 3880059
864 "amazon" 556 2826178
887 "amazon" 783 3989819
839 "amazon" 533 3578765
837 "amazon" 305 3672733
393 "amazon" 479 3816877
85 "amazon" 174 4459009
314 "amazon" 719 4943541
769 "amazon" 706 3412295
818 "amazon" 636 3977862
211 "amazon" 132 4855598
36 "amazon" 260 2989276
196 "amazon" 306 4447578
585 "amazon" 263 3053066
857 "amazon" 650 2508775
323 "amazon" 349 5209124
29 "amazon" 161 2589823
832 "amazon" 735 3607100
849 "amazon" 254 2777073
270 "amazon" 248 4204264
47 "amazon" 412 4410375
794 "amazon" 476 2544237
208 "amazon" 293 4286399
140 "amazon" 413 4657102
93 "amazon" 103 3210774
299 "amazon" 408 5176811
115 "amazon" 145 3109516
716 "amazon" 191 2348608
179 "amazon" 162 4093389
262 "amazon" 90 2863093
105 "amazon" 701 4892222
871 "amazon" 535 2928964
858 "amazon" 1549 3532834
184 "amazon" 200 2394581
638 "amazon" 1093 3460136
850 "amazon" 266 2873211
355 "amazon" 410 4740512
351 "amazon" 257 4547909
499 "amazon" 178 1713420
325 "amazon" 121 3428276
742 "amazon" 535 3629904
397 "amazon" 1151 3732190
811 "amazon" 593 3853376
121 "amazon" 300 2818519
109 "amazon" 305 4517584
902 "amazon" 989 4170504
366 "amazon" 412 2883243
106 "amazon" 432 4546153
454 "amazon" 363 4710088
507 "amazon" 135 2403004
527 "amazon" 211 1602542
759 "amazon" 261 2257032
365 "amazon" 993 3755213
411 "amazon" 330 4827397
502 "amazon" 115 3306520
246 "amazon" 877 4284502
787 "amazon" 1254 2719693
855 "amazon" 953 3196438
376 "amazon" 1032 4858521
82 "amazon" 171 4563599
668 "amazon" 146 3138222
74 "amazon" 207 4590027
445 "amazon" 612 4462366
647 "amazon" 235 2488705
141 "amazon" 257 4118444
318 "amazon" 159 3614367
573 "amazon" 868 4107353
532 "amazon" 434 2891624
145 "amazon" 389 4233929
77 "amazon" 184 4765974
735 "amazon" 749 3848849
820 "amazon" 301 3497814
712 "amazon" 698 3862094
753 "amazon" 618 3458788
186 "amazon" 112 3154334
814 "amazon" 165 2628729
432 "amazon" 788 4661745
838 "amazon" 439 3793223
722 "amazon" 821 3325505
482 "amazon" 384 4762025
356 "amazon" 572 5295321
130 "amazon" 618 4412446
206 "amazon" 69 2888034
129 "amazon" 246 3064909
178 "amazon" 84 2610171
124 "amazon" 181 4283442
889 "amazon" 1287 3561997
879 "amazon" 1085 3748860
15 "amazon" 343 4426033
258 "amazon" 190 4730675
350 "amazon" 349 4879990
672 "amazon" 1191 3760804
770 "amazon" 466 3448218
374 "amazon" 165 3495650
409 "amazon" 441 3425044
654 "amazon" 606 3507207
521 "amazon" 85 3315216
230 "amazon" 781 4674531
306 "amazon" 559 4733738
840 "amazon" 826 3992477
42 "amazon" 313 4713087
746 "amazon" 700 4070967
895 "amazon" 1133 3582404
582 "amazon" 419 2267064
102 "amazon" 620 4670117
245 "amazon" 1177 4604176
1 "amazon" 964 3977379
777 "amazon" 635 4179004
244 "amazon" 319 5238016
592 "amazon" 1712 3288102
69 "amazon" 705 4800713
410 "amazon" 641 4974240
371 "amazon" 497 4716133
151 "amazon" 332 4211602
292 "amazon" 378 4671230
273 "amazon" 521 5180176
819 "amazon" 705 3743061
474 "amazon" 239 4772486
824 "amazon" 771 3513604
37 "amazon" 100 2676643
475 "amazon" 281 5266128
405 "amazon" 1137 5990487
125 "amazon" 383 4407365
337 "amazon" 1204 4784178
218 "amazon" 303 4247817
452 "amazon" 456 4092466
557 "amazon" 1166 3804116
227 "amazon" 390 3162062
87 "amazon" 93 3367307
740 "amazon" 978 3779247
488 "amazon" 1310 5774999
347 "amazon" 381 4936210
407 "amazon" 851 4433504
236 "amazon" 112 4659315
298 "amazon" 468 5213756
831 "amazon" 957 4197644
486 "amazon" 114 3015765
748 "amazon" 429 3473604
657 "amazon" 702 3509256
620 "amazon" 380 3455651
92 "amazon" 249 4439092
176 "amazon" 166 3797442
438 "amazon" 413 4625346
587 "amazon" 725 3427697
373 "amazon" 256 3034916
803 "amazon" 672 4482325
516 "amazon" 226 4272762
194 "amazon" 213 4353917
59 "amazon" 96 2952855
128 "amazon" 155 3090039
349 "amazon" 177 5658955
588 "amazon" 710 3241428
591 "amazon" 252 2094450
673 "amazon" 760 3501594
119 "amazon" 545 4975726
709 "amazon" 310 2276024
265 "amazon" 197 4662510
320 "amazon" 406 4819758
4 "amazon" 1276 4598314
354 "amazon" 718 4517991
640 "amazon" 597 2738239
127 "amazon" 397 4429584
517 "amazon" 436 4117419
763 "amazon" 508 3016262
674 "amazon" 246 2308675
429 "amazon" 156 3391583
190 "amazon" 434 4190744
766 "amazon" 406 2706757
547 "amazon" 413 3452037
795 "amazon" 781 3050247
23 "amazon" 285 3104519
844 "amazon" 666 3976677
266 "amazon" 277 4504603
846 "amazon" 629 3647099
719 "amazon" 730 3829848
9 "amazon" 287 3442642
61 "amazon" 258 4472190
338 "amazon" 339 3225806
473 "amazon" 196 4628982
734 "amazon" 660 3668529
381 "amazon" 230 3397945
261 "amazon" 139 3037220
466 "amazon" 264 4018333
543 "amazon" 334 3309702
577 "amazon" 518 2365385
791 "amazon" 575 3848784
816 "amazon" 191 3198922
66 "amazon" 251 3407641
724 "amazon" 419 2666180
456 "amazon" 384 4207180
775 "amazon" 579 3488226
286 "amazon" 384 5970027
418 "amazon" 325 5022691
317 "amazon" 98 3337467
583 "amazon" 296 2182447
610 "amazon" 849 3150003
413 "amazon" 1802 4835228
548 "amazon" 98 2498036
284 "amazon" 65 3510063
283 "amazon" 116 2896851
185 "amazon" 146 2469661
720 "amazon" 1078 3955190
662 "amazon" 687 3810706
604 "amazon" 365 2151777
881 "amazon" 1154 3773393
341 "amazon" 336 4596265
95 "amazon" 396 5010247
471 "amazon" 142 2636740
611 "amazon" 488 2155865
853 "amazon" 1030 3908925
737 "amazon" 374 2311910
197 "amazon" 303 4212269
364 "amazon" 847 3521749
108 "amazon" 149 3262193
515 "amazon" 190 3263621
5 "amazon" 726 5046683
651 "amazon" 1582 3886051
541 "amazon" 154 1766108
774 "amazon" 867 3497493
872 "amazon" 621 4280880
392 "amazon" 289 4182275
560 "amazon" 664 3764808
806 "amazon" 1310 3856005
568 "amazon" 2725 3689447
805 "amazon" 1196 3878173
605 "amazon" 280 2241681
79 "amazon" 78 3272864
114 "amazon" 168 3226592
25 "amazon" 380 4272018
656 "amazon" 657 4079720
885 "amazon" 353 2491932
112 "amazon" 667 4929045
534 "amazon" 102 1744791
519 "amazon" 688 3051908
198 "amazon" 98 2829389
793 "amazon" 463 2169085
358 "amazon" 875 4808290
586 "amazon" 249 2386224
450 "amazon" 174 3243099
594 "amazon" 891 3768106
833 "amazon" 521 4188634
535 "amazon" 150 1935800
808 "amazon" 356 2818842
739 "amazon" 470 3819985
76 "amazon" 586 4642391
361 "amazon" 547 4569387
34 "amazon" 331 3922416
760 "amazon" 248 2282399
462 "amazon" 835 4071318
558 "amazon" 1044 4078849
784 "amazon" 2017 4460964
487 "amazon" 534 4713557
336 "amazon" 898 4720409
146 "amazon" 247 4553717
18 "amazon" 611 4672470
233 "amazon" 125 3110556
385 "amazon" 945 4983996
357 "amazon" 630 4918529
676 "amazon" 560 3659314
877 "amazon" 275 2350353
228 "amazon" 689 4558248
650 "amazon" 640 3798686
642 "amazon" 1004 4469630
903 "amazon" 419 1881414
659 "amazon" 453 3254058
331 "amazon" 206 3108545
435 "amazon" 655 4664740
861 "amazon" 2020 4209617
899 "amazon" 360 2347861
603 "amazon" 576 3245826
235 "amazon" 202 4563478
618 "amazon" 208 2196922
164 "amazon" 142 2804627
834 "amazon" 445 3111202
826 "amazon" 659 3582383
107 "amazon" 166 3156203
200 "amazon" 303 4830687
576 "amazon" 627 2390399
402 "amazon" 266 2768717
504 "amazon" 571 3101793
224 "amazon" 441 4364134
368 "amazon" 1008 4658062
465 "amazon" 222 2492801
419 "amazon" 325 4638588
35 "amazon" 419 3763797
436 "amazon" 211 3158734
193 "amazon" 185 4184456
634 "amazon" 489 3612311
253 "amazon" 1028 4322091
28 "amazon" 255 3495218
289 "amazon" 185 3068603
613 "amazon" 287 3313455
652 "amazon" 976 3369545
601 "amazon" 545 3508454
64 "amazon" 1134 4652154
158 "amazon" 460 4259362
150 "amazon" 238 2931452
295 "amazon" 344 4658950
21 "amazon" 137 4711172
875 "amazon" 1095 3796714
540 "amazon" 222 2637437
104 "amazon" 1007 4960805
619 "amazon" 178 2190947
412 "amazon" 1147 4962464
45 "amazon" 234 3098186
579 "amazon" 673 3797764
552 "amazon" 682 3629845
884 "amazon" 556 2767779
440 "amazon" 402 4644599
472 "amazon" 206 2709479
372 "amazon" 501 4553643
378 "amazon" 531 5131435
756 "amazon" 699 3330845
428 "amazon" 557 4331477
561 "amazon" 466 3774160
851 "amazon" 536 4270475
575 "amazon" 1245 4051323
226 "amazon" 175 3101763
648 "amazon" 358 3125278
212 "amazon" 53 3547478
96 "amazon" 270 5814512
189 "amazon" 317 4452639
293 "amazon" 551 4970309
544 "amazon" 171 3917380
453 "amazon" 575 4491552
843 "amazon" 208 2773757
395 "amazon" 248 2415059
313 "amazon" 811 4603617
417 "amazon" 516 4187171
48 "amazon" 333 4571611
84 "amazon" 436 4469528
736 "amazon" 594 3426439
663 "amazon" 1066 3682994
110 "amazon" 601 4836937
239 "amazon" 263 4316496
340 "amazon" 149 4879249
732 "amazon" 1127 3839986
207 "amazon" 224 4536127
867 "amazon" 250 3734761
415 "amazon" 470 2987013
297 "amazon" 185 3326548
345 "amazon" 196 3198641
175 "amazon" 332 4356162
744 "amazon" 351 2468383
765 "amazon" 345 2251746
205 "amazon" 54 3023096
728 "amazon" 930 2582752
223 "amazon" 353 4293734
752 "amazon" 216 2712593
550 "amazon" 120 3000934
710 "amazon" 249 2906571
559 "amazon" 766 3872458
117 "amazon" 804 4904732
52 "amazon" 198 3254574
166 "amazon" 1140 4268364
99 "amazon" 919 4704661
210 "amazon" 143 4606994
745 "amazon" 405 2807844
174 "amazon" 856 4497408
281 "amazon" 302 4286243
16 "amazon" 163 3290019
617 "amazon" 302 3280575
892 "amazon" 264 2243183
111 "amazon" 381 4776397
241 "amazon" 171 3091886
489 "amazon" 547 5281561
3 "amazon" 757 3320550
635 "amazon" 392 3541012
533 "amazon" 316 2962443
470 "amazon" 299 3617986
666 "amazon" 613 3538706
232 "amazon" 254 4371863
878 "amazon" 368 2272961
590 "amazon" 312 2089384
866 "amazon" 514 3250006
644 "amazon" 910 3773650
718 "amazon" 585 3768056
523 "amazon" 299 3539852
476 "amazon" 403 5221121
717 "amazon" 166 2845251
771 "amazon" 794 3279431
113 "amazon" 457 4463862
773 "amazon" 423 2565723
776 "amazon" 542 3569212
216 "amazon" 510 4568343
131 "amazon" 509 4574849
464 "amazon" 167 2294458
513 "amazon" 131 1610629
595 "amazon" 407 3777327
873 "amazon" 597 3970924
628 "amazon" 762 3746928
255 "amazon" 230 2915126
304 "amazon" 128 3183445
664 "amazon" 1005 3448940
142 "amazon" 80 2610942
658 "amazon" 459 3662279
715 "amazon" 531 3645201
252 "amazon" 408 4609535
300 "amazon" 346 5167343
556 "amazon" 339 2537500
148 "amazon" 580 4502496
442 "amazon" 420 4203058
468 "amazon" 240 4086746
171 "amazon" 212 2570010
60 "amazon" 417 4413146
20 "amazon" 243 4710355
275 "amazon" 121 2720440
13 "amazon" 338 5163213
91 "amazon" 161 4859976
503 "amazon" 493 3604625
22 "amazon" 502 4481679
896 "amazon" 629 3698130
80 "amazon" 71 3195094
369 "amazon" 787 4774040
279 "amazon" 537 4730333
835 "amazon" 252 2198902
310 "amazon" 279 3158000
675 "amazon" 279 3030161
727 "amazon" 772 3412323
729 "amazon" 1460 2637364
375 "amazon" 1440 4803900
57 "amazon" 120 3922006
427 "amazon" 419 4937024
836 "amazon" 220 2387619
263 "amazon" 134 4402749
65 "amazon" 278 3281718
555 "amazon" 227 2374703
479 "amazon" 129 3152739
251 "amazon" 269 4540717
250 "amazon" 255 4496626
612 "amazon" 246 2215055
152 "amazon" 441 4525225
510 "amazon" 138 2625026
359 "amazon" 223 3089523
455 "amazon" 440 4615643
526 "amazon" 524 2543410
213 "amazon" 58 3183096
296 "amazon" 100 3056471
564 "amazon" 343 3969317
762 "amazon" 523 2966030
256 "amazon" 979 4422591
414 "amazon" 933 4538673
498 "amazon" 285 2782958
514 "amazon" 131 2062801
891 "amazon" 291 2104281
133 "amazon" 571 4491081
43 "amazon" 339 4336214
477 "amazon" 657 5381232
500 "amazon" 90 1989637
520 "amazon" 291 3202814
83 "amazon" 158 4501659
321 "amazon" 1636 4894242
209 "amazon" 330 4646267
403 "amazon" 5 323755
768 "amazon" 944 3568876
868 "amazon" 693 3900189
593 "amazon" 1402 3367380
501 "amazon" 199 2833178
598 "amazon" 368 1966927
201 "amazon" 198 4753982
2 "amazon" 465 2989580
636 "amazon" 904 3630893
315 "amazon" 558 5000514
484 "amazon" 300 4454840
706 "amazon" 783 3989821
639 "amazon" 611 2466350
897 "amazon" 494 3375196
139 "amazon" 954 4445784
812 "amazon" 784 3850987
220 "amazon" 179 2686696
449 "amazon" 227 4603270
869 "amazon" 922 3936213
420 "amazon" 366 5162404
282 "amazon" 131 2932588
257 "amazon" 292 4723534
830 "amazon" 674 2618928
56 "amazon" 190 4302053
78 "amazon" 254 4128740
539 "amazon" 533 2674867
50 "amazon" 562 4669996
580 "amazon" 507 2515613
170 "amazon" 254 2550442
860 "amazon" 1237 3453180
240 "amazon" 98 3072054
134 "amazon" 396 4295688
492 "amazon" 157 3479341
49 "amazon" 485 4696779
751 "amazon" 169 3049932
854 "amazon" 1375 3733281
389 "amazon" 192 4578804
430 "amazon" 330 3551713
90 "amazon" 374 4627667
589 "amazon" 1128 3242967
497 "amazon" 893 3628432
633 "amazon" 295 2447718
446 "amazon" 637 5245562
384 "amazon" 1834 5366107
153 "amazon" 406 4522341
713 "amazon" 826 3947456
789 "amazon" 1044 3912056
599 "amazon" 863 3712119
512 "amazon" 206 2695902
362 "amazon" 678 4586531
804 "amazon" 607 4726883
821 "amazon" 224 2314979
188 "amazon" 363 3358609
67 "amazon" 195 4632475
161 "amazon" 406 4498393
309 "amazon" 518 4626876
597 "amazon" 208 2140766
859 "amazon" 1443 3676591
271 "amazon" 536 4185168
249 "amazon" 199 4215929
332 "amazon" 108 3064726
303 "amazon" 225 2997988
567 "amazon" 824 3932623
802 "amazon" 864 4382679
874 "amazon" 1272 3729822
416 "amazon" 321 3154516
177 "amazon" 104 2407407
757 "amazon" 415 2809841
629 "amazon" 1018 4210102
865 "amazon" 589 3981668
637 "amazon" 1087 3718902
632 "amazon" 262 2394198
545 "amazon" 384 4179753
602 "amazon" 662 3723142
192 "amazon" 46 2749326
143 "amazon" 116 2633443
136 "amazon" 67 3079235
278 "amazon" 503 4705093
733 "amazon" 700 3493488
845 "amazon" 873 3452729
901 "amazon" 723 3754529
291 "amazon" 223 4339309
204 "amazon" 193 4270522
467 "amazon" 405 3887172
863 "amazon" 705 2427217
444 "amazon" 152 3156869
665 "amazon" 605 3731409
509 "amazon" 223 2770367
238 "amazon" 221 4800688
531 "amazon" 917 2386348
653 "amazon" 575 2821517
551 "amazon" 899 3745193
490 "amazon" 422 5482872
217 "amazon" 689 4603440
525 "amazon" 262 2934020
259 "amazon" 190 4612186
880 "amazon" 1159 3783106
370 "amazon" 990 5120116
566 "amazon" 289 4265485
537 "amazon" 708 2880973
10 "amazon" 267 3950986
643 "amazon" 901 4132571
214 "amazon" 267 4477315
399 "amazon" 1254 3749145
485 "amazon" 107 3011371
546 "amazon" 282 4006408
469 "amazon" 322 4144165
463 "amazon" 663 3789249
660 "amazon" 300 2251804
542 "amazon" 101 1830874
494 "amazon" 306 4830149
172 "amazon" 681 4040589
726 "amazon" 613 3420679
538 "amazon" 548 2788934
97 "amazon" 155 4878721
461 "amazon" 566 4083850
63 "amazon" 1043 4596459
81 "amazon" 137 3879827
98 "amazon" 1127 4908066
6 "amazon" 369 4742773
8 "amazon" 366 4486722
842 "amazon" 224 2780476
893 "amazon" 477 3424569
0 "amazon" 93 660268
89 "amazon" 506 4670402
741 "amazon" 1187 4437240
596 "amazon" 581 3264638
600 "amazon" 531 3609342
747 "amazon" 451 4162044
147 "amazon" 399 4693353
645 "amazon" 807 3748481
708 "amazon" 682 4026620
458 "amazon" 239 2764407
481 "amazon" 447 4775236
100 "amazon" 586 3258156
408 "amazon" 557 3003359
721 "amazon" 1021 3515300
343 "amazon" 585 4811329
529 "amazon" 745 2423554
536 "amazon" 345 2854620
800 "amazon" 289 1478259
159 "amazon" 286 4693229
483 "amazon" 177 4986413
790 "amazon" 628 3965176
813 "amazon" 520 3686896
199 "amazon" 106 3009781
363 "amazon" 554 4615436
810 "amazon" 518 3718545
400 "amazon" 850 3834045
274 "amazon" 336 4517075
137 "amazon" 208 4376274
565 "amazon" 367 4150408
882 "amazon" 1172 3927738
335 "amazon" 478 5255320
754 "amazon" 433 3327467
30 "amazon" 166 3200741
352 "amazon" 136 3051995
387 "amazon" 267 3136514
386 "amazon" 522 4415622
33 "amazon" 224 3960114
288 "amazon" 294 4298177
584 "amazon" 118 1947317
609 "amazon" 1354 3671693
334 "amazon" 397 5311661
290 "amazon" 98 3246816
459 "amazon" 535 3898257
242 "amazon" 198 4412038
268 "amazon" 100 2885698
493 "amazon" 87 3701967
723 "amazon" 464 2671735
55 "amazon" 281 4346280
