883 "earnings" 781 6623969
704 "earnings" 473 3897091
856 "earnings" 55 2500075
807 "earnings" 211 2589292
422 "earnings" 170 3340031
301 "earnings" 306 4974293
578 "earnings" 207 3778636
817 "earnings" 381 3545631
423 "earnings" 248 3593282
11 "earnings" 481 5076085
677 "earnings" 101 2795154
316 "earnings" 508 4760984
631 "earnings" 461 3465836
379 "earnings" 222 4754134
554 "earnings" 323 3437340
181 "earnings" 330 4115145
294 "earnings" 241 4935176
138 "earnings" 474 4530456
623 "earnings" 679 3697934
40 "earnings" 308 5016991
46 "earnings" 490 4647737
229 "earnings" 584 4618236
815 "earnings" 137 2500055
780 "earnings" 639 2798674
54 "earnings" 589 4516401
195 "earnings" 422 4509327
606 "earnings" 605 3438838
396 "earnings" 275 3019202
123 "earnings" 397 4390534
120 "earnings" 159 4127933
437 "earnings" 227 3242335
448 "earnings" 526 5061752
155 "earnings" 1075 4338452
302 "earnings" 179 4416049
890 "earnings" 386 3236710
524 "earnings" 610 3672117
626 "earnings" 306 2521199
44 "earnings" 166 2824642
182 "earnings" 367 4328019
149 "earnings" 236 2873197
421 "earnings" 732 4734608
624 "earnings" 353 3392113
157 "earnings" 225 2827932
382 "earnings" 155 4848535
730 "earnings" 228 2129305
329 "earnings" 911 5048823
649 "earnings" 232 3756953
277 "earnings" 402 4510454
506 "earnings" 45 2280882
165 "earnings" 541 4205059
669 "earnings" 263 4169888
156 "earnings" 293 2933652
703 "earnings" 390 2124225
344 "earnings" 594 4902639
772 "earnings" 114 2352231
154 "earnings" 1090 4360701
287 "earnings" 214 4636599
574 "earnings" 285 4039212
841 "earnings" 127 3572842
761 "earnings" 265 2764696
616 "earnings" 960 3565087
103 "earnings" 581 4788773
508 "earnings" 292 2749942
26 "earnings" 499 4338785
73 "earnings" 197 3273786
327 "earnings" 1276 4550815
870 "earnings" 289 2780452
203 "earnings" 280 4472806
324 "earnings" 206 3264547
511 "earnings" 285 3063958
646 "earnings" 68 2290270
383 "earnings" 149 4754648
825 "earnings" 452 3779952
425 "earnings" 721 4623706
248 "earnings" 339 2647463
328 "earnings" 837 4867842
570 "earnings" 359 2545168
116 "earnings" 467 4644643
225 "earnings" 274 4188329
571 "earnings" 488 4191584
391 "earnings" 278 4230291
848 "earnings" 250 4528591
563 "earnings" 471 2677245
894 "earnings" 324 3639123
163 "earnings" 187 2785365
886 "earnings" 411 3512281
243 "earnings" 1196 4522801
495 "earnings" 198 4501243
750 "earnings" 180 3141790
655 "earnings" 179 3971287
549 "earnings" 477 2589705
786 "earnings" 261 2422375
88 "earnings" 424 4592676
162 "earnings" 693 4368391
615 "earnings" 759 3462001
755 "earnings" 192 3452522
434 "earnings" 985 5243354
276 "earnings" 153 2877271
785 "earnings" 180 4745278
641 "earnings" 585 4287095
319 "earnings" 277 4820375
847 "earnings" 274 3748726
267 "earnings" 473 4214226
822 "earnings" 306 2794707
68 "earnings" 1222 4616161
126 "earnings" 361 4392170
426 "earnings" 865 4480732
480 "earnings" 165 4382499
254 "earnings" 318 2661764
101 "earnings" 153 3506408
711 "earnings" 592 4163878
390 "earnings" 415 4092493
451 "earnings" 216 3415556
625 "earnings" 197 2419667
53 "earnings" 177 3957246
572 "earnings" 347 4839349
731 "earnings" 395 2648796
505 "earnings" 110 3298435
764 "earnings" 252 3116285
215 "earnings" 326 4675935
72 "earnings" 261 3205791
518 "earnings" 677 3945886
24 "earnings" 167 3060131
348 "earnings" 683 5110848
169 "earnings" 423 3890442
614 "earnings" 798 3733012
788 "earnings" 409 4741652
441 "earnings" 818 5544096
51 "earnings" 173 4105936
222 "earnings" 293 4192195
714 "earnings" 530 3751506
160 "earnings" 1045 4482613
202 "earnings" 259 4670018
782 "earnings" 399 4239273
75 "earnings" 800 4579666
898 "earnings" 173 2118847
360 "earnings" 172 3523798
247 "earnings" 310 2520574
792 "earnings" 392 3408712
621 "earnings" 572 6504326
94 "earnings" 296 3265793
852 "earnings" 117 4010576
758 "earnings" 123 2079118
496 "earnings" 195 3725602
168 "earnings" 712 4065543
491 "earnings" 196 4865886
767 "earnings" 857 2793752
322 "earnings" 388 4958658
71 "earnings" 675 4509470
41 "earnings" 333 4957463
219 "earnings" 146 2720683
353 "earnings" 277 3358402
667 "earnings" 225 2584894
562 "earnings" 208 2568633
377 "earnings" 313 4989335
58 "earnings" 197 2914617
569 "earnings" 303 2878348
823 "earnings" 233 3841293
738 "earnings" 362 2652019
443 "earnings" 229 2969332
187 "earnings" 276 2502894
122 "earnings" 223 2810253
876 "earnings" 383 3425537
862 "earnings" 218 3509373
424 "earnings" 426 4894003
221 "earnings" 254 3107732
530 "earnings" 402 2532880
19 "earnings" 440 4488733
670 "earnings" 140 3718859
27 "earnings" 300 4022467
86 "earnings" 150 3309795
7 "earnings" 372 4655603
671 "earnings" 311 3861537
38 "earnings" 158 3040015
285 "earnings" 212 4366242
326 "earnings" 875 4565233
743 "earnings" 331 3570753
272 "earnings" 568 4551867
312 "earnings" 193 4693756
457 "earnings" 222 2524135
827 "earnings" 232 2179522
17 "earnings" 151 3260643
191 "earnings" 104 2905549
339 "earnings" 397 3178056
439 "earnings" 1101 4645945
388 "earnings" 166 3384201
367 "earnings" 158 2984685
607 "earnings" 708 3398379
380 "earnings" 110 3242533
31 "earnings" 171 2921246
14 "earnings" 388 4983113
528 "earnings" 51 1592211
135 "earnings" 240 3044464
725 "earnings" 172 3883337
581 "earnings" 147 1587650
234 "earnings" 241 2821690
70 "earnings" 929 4905867
305 "earnings" 189 4342723
132 "earnings" 470 4475862
478 "earnings" 54 3640602
404 "earnings" 201 3717186
627 "earnings" 270 3870696
608 "earnings" 971 3340789
237 "earnings" 1002 4806965
32 "earnings" 246 3980524
12 "earnings" 442 5125939
280 "earnings" 583 4727916
330 "earnings" 697 4521996
781 "earnings" 219 3528852
809 "earnings" 238 3731500
118 "earnings" 433 5178713
431 "earnings" 512 4768668
333 "earnings" 559 4951951
406 "earnings" 352 4768082
622 "earnings" 610 3931684
342 "earnings" 836 5016457
308 "earnings" 359 4747688
307 "earnings" 379 5036032
630 "earnings" 500 3745573
167 "earnings" 644 4128658
269 "earnings" 232 3045303
394 "earnings" 73 2759293
231 "earnings" 573 4907639
264 "earnings" 662 4682356
311 "earnings" 94 3143766
707 "earnings" 730 3993790
144 "earnings" 741 4157667
522 "earnings" 327 4289615
779 "earnings" 293 2606559
173 "earnings" 459 4103950
661 "earnings" 395 3003629
183 "earnings" 448 4257148
401 "earnings" 107 2872294
801 "earnings" 582 3161683
260 "earnings" 467 4236287
705 "earnings" 734 4149974
778 "earnings" 291 3409283
553 "earnings" 257 4053200
460 "earnings" 459 3955559
62 "earnings" 1195 4643934
749 "earnings" 253 3645271
398 "earnings" 203 3704711
39 "earnings" 327 4415517
433 "earnings" 844 4990891
900 "earnings" 152 3493228
888 "earnings" 571 3635953
180 "earnings" 373 4218664
447 "earnings" 586 4990514
783 "earnings" 466 4008272
346 "earnings" 335 3880059
864 "earnings" 161 2826178
887 "earnings" 601 3989819
839 "earnings" 124 3578765
837 "earnings" 230 3672733
393 "earnings" 138 3816877
85 "earnings" 382 4459009
314 "earnings" 354 4943541
769 "earnings" 272 3412295
818 "earnings" 269 3977862
211 "earnings" 258 4855598
36 "earnings" 287 2989276
196 "earnings" 400 4447578
585 "earnings" 382 3053066
857 "earnings" 130 2508775
323 "earnings" 583 5209124
29 "earnings" 94 2589823
832 "earnings" 330 3607100
849 "earnings" 156 2777073
270 "earnings" 435 4204264
47 "earnings" 445 4410375
794 "earnings" 422 2544237
208 "earnings" 385 4286399
140 "earnings" 578 4657102
93 "earnings" 253 3210774
299 "earnings" 498 5176811
115 "earnings" 201 3109516
716 "earnings" 146 2348608
179 "earnings" 310 4093389
262 "earnings" 251 2863093
105 "earnings" 453 4892222
871 "earnings" 166 2928964
858 "earnings" 183 3532834
184 "earnings" 126 2394581
638 "earnings" 386 3460136
850 "earnings" 187 2873211
355 "earnings" 444 4740512
351 "earnings" 310 4547909
499 "earnings" 48 1713420
325 "earnings" 282 3428276
742 "earnings" 249 3629904
397 "earnings" 240 3732190
811 "earnings" 443 3853376
121 "earnings" 152 2818519
109 "earnings" 256 4517584
902 "earnings" 262 4170504
366 "earnings" 169 2883243
106 "earnings" 222 4546153
454 "earnings" 697 4710088
507 "earnings" 63 2403004
527 "earnings" 114 1602542
759 "earnings" 444 2257032
365 "earnings" 251 3755213
411 "earnings" 435 4827397
502 "earnings" 213 3306520
246 "earnings" 1247 4284502
787 "earnings" 348 2719693
855 "earnings" 128 3196438
376 "earnings" 187 4858521
82 "earnings" 626 4563599
668 "earnings" 485 3138222
74 "earnings" 695 4590027
445 "earnings" 617 4462366
647 "earnings" 225 2488705
141 "earnings" 415 4118444
318 "earnings" 121 3614367
573 "earnings" 323 4107353
532 "earnings" 617 2891624
145 "earnings" 1045 4233929
77 "earnings" 925 4765974
735 "earnings" 191 3848849
820 "earnings" 238 3497814
712 "earnings" 502 3862094
753 "earnings" 143 3458788
186 "earnings" 298 3154334
814 "earnings" 254 2628729
432 "earnings" 996 4661745
838 "earnings" 238 3793223
722 "earnings" 281 3325505
482 "earnings" 294 4762025
356 "earnings" 525 5295321
130 "earnings" 398 4412446
206 "earnings" 356 2888034
129 "earnings" 222 3064909
178 "earnings" 137 2610171
124 "earnings" 452 4283442
889 "earnings" 560 3561997
879 "earnings" 467 3748860
15 "earnings" 222 4426033
258 "earnings" 813 4730675
350 "earnings" 422 4879990
672 "earnings" 201 3760804
770 "earnings" 179 3448218
374 "earnings" 121 3495650
409 "earnings" 171 3425044
654 "earnings" 394 3507207
521 "earnings" 92 3315216
230 "earnings" 345 4674531
306 "earnings" 257 4733738
840 "earnings" 155 3992477
42 "earnings" 527 4713087
746 "earnings" 293 4070967
895 "earnings" 501 3582404
582 "earnings" 176 2267064
102 "earnings" 360 4670117
245 "earnings" 1412 4604176
1 "earnings" 250 3977379
777 "earnings" 177 4179004
244 "earnings" 1379 5238016
592 "earnings" 353 3288102
69 "earnings" 877 4800713
410 "earnings" 371 4974240
371 "earnings" 333 4716133
151 "earnings" 929 4211602
292 "earnings" 228 4671230
273 "earnings" 684 5180176
819 "earnings" 216 3743061
474 "earnings" 222 4772486
824 "earnings" 210 3513604
37 "earnings" 104 2676643
475 "earnings" 136 5266128
405 "earnings" 265 5990487
125 "earnings" 458 4407365
337 "earnings" 968 4784178
218 "earnings" 222 4247817
452 "earnings" 278 4092466
557 "earnings" 398 3804116
227 "earnings" 208 3162062
87 "earnings" 157 3367307
740 "earnings" 180 3779247
488 "earnings" 232 5774999
347 "earnings" 723 4936210
407 "earnings" 416 4433504
236 "earnings" 1355 4659315
298 "earnings" 329 5213756
831 "earnings" 251 4197644
486 "earnings" 64 3015765
748 "earnings" 141 3473604
657 "earnings" 101 3509256
620 "earnings" 302 3455651
92 "earnings" 483 4439092
176 "earnings" 429 3797442
438 "earnings" 659 4625346
587 "earnings" 352 3427697
373 "earnings" 88 3034916
803 "earnings" 663 4482325
516 "earnings" 428 4272762
194 "earnings" 425 4353917
59 "earnings" 184 2952855
128 "earnings" 167 3090039
349 "earnings" 452 5658955
588 "earnings" 189 3241428
591 "earnings" 315 2094450
673 "earnings" 147 3501594
119 "earnings" 309 4975726
709 "earnings" 204 2276024
265 "earnings" 698 4662510
320 "earnings" 641 4819758
4 "earnings" 261 4598314
354 "earnings" 401 4517991
640 "earnings" 372 2738239
127 "earnings" 299 4429584
517 "earnings" 388 4117419
763 "earnings" 198 3016262
674 "earnings" 228 2308675
429 "earnings" 317 3391583
190 "earnings" 284 4190744
766 "earnings" 549 2706757
547 "earnings" 252 3452037
795 "earnings" 372 3050247
23 "earnings" 176 3104519
844 "earnings" 193 3976677
266 "earnings" 628 4504603
846 "earnings" 246 3647099
719 "earnings" 304 3829848
9 "earnings" 220 3442642
61 "earnings" 1098 4472190
338 "earnings" 347 3225806
473 "earnings" 261 4628982
734 "earnings" 231 3668529
381 "earnings" 129 3397945
261 "earnings" 195 3037220
466 "earnings" 289 4018333
543 "earnings" 167 3309702
577 "earnings" 174 2365385
791 "earnings" 641 3848784
816 "earnings" 87 3198922
66 "earnings" 266 3407641
724 "earnings" 471 2666180
456 "earnings" 554 4207180
775 "earnings" 136 3488226
286 "earnings" 289 5970027
418 "earnings" 572 5022691
317 "earnings" 193 3337467
583 "earnings" 88 2182447
610 "earnings" 689 3150003
413 "earnings" 370 4835228
548 "earnings" 233 2498036
284 "earnings" 328 3510063
283 "earnings" 124 2896851
185 "earnings" 111 2469661
720 "earnings" 343 3955190
662 "earnings" 209 3810706
604 "earnings" 206 2151777
881 "earnings" 705 3773393
341 "earnings" 789 4596265
95 "earnings" 639 5010247
471 "earnings" 77 2636740
611 "earnings" 291 2155865
853 "earnings" 260 3908925
737 "earnings" 370 2311910
197 "earnings" 246 4212269
364 "earnings" 258 3521749
108 "earnings" 124 3262193
515 "earnings" 175 3263621
5 "earnings" 326 5046683
651 "earnings" 169 3886051
541 "earnings" 88 1766108
774 "earnings" 219 3497493
872 "earnings" 360 4280880
392 "earnings" 236 4182275
560 "earnings" 280 3764808
806 "earnings" 373 3856005
568 "earnings" 157 3689447
805 "earnings" 498 3878173
605 "earnings" 382 2241681
79 "earnings" 230 3272864
114 "earnings" 92 3226592
25 "earnings" 338 4272018
656 "earnings" 206 4079720
885 "earnings" 197 2491932
112 "earnings" 486 4929045
534 "earnings" 147 1744791
519 "earnings" 451 3051908
198 "earnings" 168 2829389
793 "earnings" 105 2169085
358 "earnings" 341 4808290
586 "earnings" 135 2386224
450 "earnings" 191 3243099
594 "earnings" 185 3768106
833 "earnings" 263 4188634
535 "earnings" 46 1935800
808 "earnings" 250 2818842
739 "earnings" 196 3819985
76 "earnings" 874 4642391
361 "earnings" 329 4569387
34 "earnings" 182 3922416
760 "earnings" 726 2282399
462 "earnings" 338 4071318
558 "earnings" 135 4078849
784 "earnings" 367 4460964
487 "earnings" 175 4713557
336 "earnings" 1176 4720409
146 "earnings" 954 4553717
18 "earnings" 261 4672470
233 "earnings" 332 3110556
385 "earnings" 281 4983996
357 "earnings" 446 4918529
676 "earnings" 177 3659314
877 "earnings" 167 2350353
228 "earnings" 597 4558248
650 "earnings" 191 3798686
642 "earnings" 261 4469630
903 "earnings" 162 1881414
659 "earnings" 188 3254058
331 "earnings" 192 3108545
435 "earnings" 467 4664740
861 "earnings" 191 4209617
899 "earnings" 68 2347861
603 "earnings" 514 3245826
235 "earnings" 898 4563478
618 "earnings" 294 2196922
164 "earnings" 158 2804627
834 "earnings" 260 3111202
826 "earnings" 390 3582383
107 "earnings" 139 3156203
200 "earnings" 320 4830687
576 "earnings" 142 2390399
402 "earnings" 181 2768717
504 "earnings" 329 3101793
224 "earnings" 373 4364134
368 "earnings" 185 4658062
465 "earnings" 162 2492801
419 "earnings" 558 4638588
35 "earnings" 227 3763797
436 "earnings" 164 3158734
193 "earnings" 244 4184456
634 "earnings" 505 3612311
253 "earnings" 453 4322091
28 "earnings" 163 3495218
289 "earnings" 187 3068603
613 "earnings" 485 3313455
652 "earnings" 184 3369545
601 "earnings" 501 3508454
64 "earnings" 1089 4652154
158 "earnings" 648 4259362
150 "earnings" 203 2931452
295 "earnings" 244 4658950
21 "earnings" 526 4711172
875 "earnings" 395 3796714
540 "earnings" 317 2637437
104 "earnings" 360 4960805
619 "earnings" 288 2190947
412 "earnings" 465 4962464
45 "earnings" 222 3098186
579 "earnings" 239 3797764
552 "earnings" 284 3629845
884 "earnings" 229 2767779
440 "earnings" 762 4644599
472 "earnings" 138 2709479
372 "earnings" 321 4553643
378 "earnings" 231 5131435
756 "earnings" 244 3330845
428 "earnings" 781 4331477
561 "earnings" 288 3774160
851 "earnings" 295 4270475
575 "earnings" 295 4051323
226 "earnings" 163 3101763
648 "earnings" 257 3125278
212 "earnings" 190 3547478
96 "earnings" 567 5814512
189 "earnings" 308 4452639
293 "earnings" 266 4970309
544 "earnings" 146 3917380
453 "earnings" 641 4491552
843 "earnings" 196 2773757
395 "earnings" 193 2415059
313 "earnings" 377 4603617
417 "earnings" 298 4187171
48 "earnings" 592 4571611
84 "earnings" 744 4469528
736 "earnings" 156 3426439
663 "earnings" 223 3682994
110 "earnings" 510 4836937
239 "earnings" 855 4316496
340 "earnings" 607 4879249
732 "earnings" 111 3839986
207 "earnings" 235 4536127
867 "earnings" 145 3734761
415 "earnings" 321 2987013
297 "earnings" 148 3326548
345 "earnings" 328 3198641
175 "earnings" 700 4356162
744 "earnings" 143 2468383
765 "earnings" 258 2251746
205 "earnings" 104 3023096
728 "earnings" 167 2582752
223 "earnings" 361 4293734
752 "earnings" 416 2712593
550 "earnings" 821 3000934
710 "earnings" 276 2906571
559 "earnings" 225 3872458
117 "earnings" 407 4904732
52 "earnings" 124 3254574
166 "earnings" 826 4268364
99 "earnings" 567 4704661
210 "earnings" 240 4606994
745 "earnings" 290 2807844
174 "earnings" 664 4497408
281 "earnings" 422 4286243
16 "earnings" 94 3290019
617 "earnings" 554 3280575
892 "earnings" 119 2243183
111 "earnings" 351 4776397
241 "earnings" 188 3091886
489 "earnings" 201 5281561
3 "earnings" 169 3320550
635 "earnings" 344 3541012
533 "earnings" 273 2962443
470 "earnings" 205 3617986
666 "earnings" 76 3538706
232 "earnings" 650 4371863
878 "earnings" 154 2272961
590 "earnings" 179 2089384
866 "earnings" 236 3250006
644 "earnings" 240 3773650
718 "earnings" 285 3768056
523 "earnings" 558 3539852
476 "earnings" 235 5221121
717 "earnings" 394 2845251
771 "earnings" 219 3279431
113 "earnings" 446 4463862
773 "earnings" 72 2565723
776 "earnings" 167 3569212
216 "earnings" 365 4568343
131 "earnings" 548 4574849
464 "earnings" 84 2294458
513 "earnings" 56 1610629
595 "earnings" 240 3777327
873 "earnings" 537 3970924
628 "earnings" 379 3746928
255 "earnings" 209 2915126
304 "earnings" 127 3183445
664 "earnings" 155 3448940
142 "earnings" 192 2610942
658 "earnings" 122 3662279
715 "earnings" 380 3645201
252 "earnings" 1050 4609535
300 "earnings" 390 5167343
556 "earnings" 193 2537500
148 "earnings" 942 4502496
442 "earnings" 569 4203058
468 "earnings" 292 4086746
171 "earnings" 100 2570010
60 "earnings" 558 4413146
20 "earnings" 555 4710355
275 "earnings" 156 2720440
13 "earnings" 443 5163213
91 "earnings" 869 4859976
503 "earnings" 182 3604625
22 "earnings" 421 4481679
896 "earnings" 331 3698130
80 "earnings" 192 3195094
369 "earnings" 271 4774040
279 "earnings" 380 4730333
835 "earnings" 113 2198902
310 "earnings" 53 3158000
675 "earnings" 360 3030161
727 "earnings" 237 3412323
729 "earnings" 95 2637364
375 "earnings" 150 4803900
57 "earnings" 605 3922006
427 "earnings" 1298 4937024
836 "earnings" 225 2387619
263 "earnings" 599 4402749
65 "earnings" 215 3281718
555 "earnings" 142 2374703
479 "earnings" 62 3152739
251 "earnings" 897 4540717
250 "earnings" 982 4496626
612 "earnings" 476 2215055
152 "earnings" 1270 4525225
510 "earnings" 524 2625026
359 "earnings" 100 3089523
455 "earnings" 618 4615643
526 "earnings" 237 2543410
213 "earnings" 133 3183096
296 "earnings" 118 3056471
564 "earnings" 379 3969317
762 "earnings" 241 2966030
256 "earnings" 544 4422591
414 "earnings" 779 4538673
498 "earnings" 199 2782958
514 "earnings" 132 2062801
891 "earnings" 220 2104281
133 "earnings" 290 4491081
43 "earnings" 361 4336214
477 "earnings" 221 5381232
500 "earnings" 67 1989637
520 "earnings" 197 3202814
83 "earnings" 596 4501659
321 "earnings" 505 4894242
209 "earnings" 341 4646267
403 "earnings" 10 323755
768 "earnings" 260 3568876
868 "earnings" 353 3900189
593 "earnings" 291 3367380
501 "earnings" 95 2833178
598 "earnings" 233 1966927
201 "earnings" 291 4753982
2 "earnings" 185 2989580
636 "earnings" 410 3630893
315 "earnings" 356 5000514
484 "earnings" 229 4454840
706 "earnings" 659 3989821
639 "earnings" 420 2466350
897 "earnings" 326 3375196
139 "earnings" 412 4445784
812 "earnings" 285 3850987
220 "earnings" 122 2686696
449 "earnings" 585 4603270
869 "earnings" 564 3936213
420 "earnings" 638 5162404
282 "earnings" 121 2932588
257 "earnings" 653 4723534
830 "earnings" 124 2618928
56 "earnings" 517 4302053
78 "earnings" 474 4128740
539 "earnings" 480 2674867
50 "earnings" 464 4669996
580 "earnings" 163 2515613
170 "earnings" 137 2550442
860 "earnings" 185 3453180
240 "earnings" 228 3072054
134 "earnings" 419 4295688
492 "earnings" 67 3479341
49 "earnings" 432 4696779
751 "earnings" 248 3049932
854 "earnings" 229 3733281
389 "earnings" 220 4578804
430 "earnings" 348 3551713
90 "earnings" 482 4627667
589 "earnings" 217 3242967
497 "earnings" 295 3628432
633 "earnings" 235 2447718
446 "earnings" 682 5245562
384 "earnings" 167 5366107
153 "earnings" 1368 4522341
713 "earnings" 470 3947456
789 "earnings" 524 3912056
599 "earnings" 460 3712119
512 "earnings" 245 2695902
362 "earnings" 453 4586531
804 "earnings" 640 4726883
821 "earnings" 154 2314979
188 "earnings" 238 3358609
67 "earnings" 924 4632475
161 "earnings" 956 4498393
309 "earnings" 210 4626876
597 "earnings" 348 2140766
859 "earnings" 193 3676591
271 "earnings" 688 4185168
249 "earnings" 577 4215929
332 "earnings" 242 3064726
303 "earnings" 138 2997988
567 "earnings" 343 3932623
802 "earnings" 422 4382679
874 "earnings" 501 3729822
416 "earnings" 207 3154516
177 "earnings" 150 2407407
757 "earnings" 205 2809841
629 "earnings" 425 4210102
865 "earnings" 255 3981668
637 "earnings" 359 3718902
632 "earnings" 207 2394198
545 "earnings" 277 4179753
602 "earnings" 611 3723142
192 "earnings" 116 2749326
143 "earnings" 185 2633443
136 "earnings" 452 3079235
278 "earnings" 392 4705093
733 "earnings" 98 3493488
845 "earnings" 196 3452729
901 "earnings" 191 3754529
291 "earnings" 271 4339309
204 "earnings" 280 4270522
467 "earnings" 183 3887172
863 "earnings" 127 2427217
444 "earnings" 177 3156869
665 "earnings" 108 3731409
509 "earnings" 511 2770367
238 "earnings" 1017 4800688
531 "earnings" 476 2386348
653 "earnings" 65 2821517
551 "earnings" 455 3745193
490 "earnings" 214 5482872
217 "earnings" 337 4603440
525 "earnings" 528 2934020
259 "earnings" 685 4612186
880 "earnings" 570 3783106
370 "earnings" 284 5120116
566 "earnings" 194 4265485
537 "earnings" 354 2880973
10 "earnings" 132 3950986
643 "earnings" 242 4132571
214 "earnings" 363 4477315
399 "earnings" 177 3749145
485 "earnings" 82 3011371
546 "earnings" 254 4006408
469 "earnings" 249 4144165
463 "earnings" 285 3789249
660 "earnings" 120 2251804
542 "earnings" 84 1830874
494 "earnings" 201 4830149
172 "earnings" 327 4040589
726 "earnings" 322 3420679
538 "earnings" 393 2788934
97 "earnings" 341 4878721
461 "earnings" 382 4083850
63 "earnings" 1097 4596459
81 "earnings" 126 3879827
98 "earnings" 433 4908066
6 "earnings" 383 4742773
8 "earnings" 390 4486722
842 "earnings" 106 2780476
893 "earnings" 327 3424569
0 "earnings" 23 660268
89 "earnings" 553 4670402
741 "earnings" 144 4437240
596 "earnings" 327 3264638
600 "earnings" 672 3609342
747 "earnings" 132 4162044
147 "earnings" 1166 4693353
645 "earnings" 269 3748481
708 "earnings" 417 4026620
458 "earnings" 208 2764407
481 "earnings" 319 4775236
100 "earnings" 127 3258156
408 "earnings" 116 3003359
721 "earnings" 452 3515300
343 "earnings" 762 4811329
529 "earnings" 202 2423554
536 "earnings" 156 2854620
800 "earnings" 155 1478259
159 "earnings" 1072 4693229
483 "earnings" 222 4986413
790 "earnings" 393 3965176
813 "earnings" 370 3686896
199 "earnings" 111 3009781
363 "earnings" 329 4615436
810 "earnings" 245 3718545
400 "earnings" 184 3834045
274 "earnings" 410 4517075
137 "earnings" 780 4376274
565 "earnings" 176 4150408
882 "earnings" 898 3927738
335 "earnings" 1340 5255320
754 "earnings" 172 3327467
30 "earnings" 168 3200741
352 "earnings" 120 3051995
387 "earnings" 70 3136514
386 "earnings" 221 4415622
33 "earnings" 256 3960114
288 "earnings" 188 4298177
584 "earnings" 101 1947317
609 "earnings" 1057 3671693
334 "earnings" 1590 5311661
290 "earnings" 164 3246816
459 "earnings" 431 3898257
242 "earnings" 986 4412038
268 "earnings" 163 2885698
493 "earnings" 112 3701967
723 "earnings" 238 2671735
55 "earnings" 692 4346280
