883 "summer" 333 6623969
704 "summer" 379 3897091
856 "summer" 243 2500075
807 "summer" 285 2589292
422 "summer" 205 3340031
301 "summer" 795 4974293
578 "summer" 710 3778636
817 "summer" 307 3545631
423 "summer" 174 3593282
11 "summer" 391 5076085
677 "summer" 274 2795154
316 "summer" 496 4760984
631 "summer" 592 3465836
379 "summer" 558 4754134
554 "summer" 585 3437340
181 "summer" 868 4115145
294 "summer" 722 4935176
138 "summer" 716 4530456
623 "summer" 692 3697934
40 "summer" 545 5016991
46 "summer" 422 4647737
229 "summer" 1014 4618236
815 "summer" 215 2500055
780 "summer" 249 2798674
54 "summer" 617 4516401
195 "summer" 779 4509327
606 "summer" 677 3438838
396 "summer" 278 3019202
123 "summer" 609 4390534
120 "summer" 508 4127933
437 "summer" 226 3242335
448 "summer" 410 5061752
155 "summer" 616 4338452
302 "summer" 604 4416049
890 "summer" 372 3236710
524 "summer" 456 3672117
626 "summer" 458 2521199
44 "summer" 225 2824642
182 "summer" 914 4328019
149 "summer" 417 2873197
421 "summer" 351 4734608
624 "summer" 853 3392113
157 "summer" 358 2827932
382 "summer" 442 4848535
730 "summer" 149 2129305
329 "summer" 548 5048823
649 "summer" 548 3756953
277 "summer" 765 4510454
506 "summer" 168 2280882
165 "summer" 624 4205059
669 "summer" 651 4169888
156 "summer" 357 2933652
703 "summer" 252 2124225
344 "summer" 643 4902639
772 "summer" 225 2352231
154 "summer" 557 4360701
287 "summer" 722 4636599
574 "summer" 813 4039212
841 "summer" 298 3572842
761 "summer" 214 2764696
616 "summer" 652 3565087
103 "summer" 447 4788773
508 "summer" 245 2749942
26 "summer" 622 4338785
73 "summer" 235 3273786
327 "summer" 492 4550815
870 "summer" 283 2780452
203 "summer" 602 4472806
324 "summer" 554 3264547
511 "summer" 232 3063958
646 "summer" 375 2290270
383 "summer" 406 4754648
825 "summer" 303 3779952
425 "summer" 371 4623706
248 "summer" 689 2647463
328 "summer" 556 4867842
570 "summer" 443 2545168
116 "summer" 556 4644643
225 "summer" 849 4188329
571 "summer" 1089 4191584
391 "summer" 443 4230291
848 "summer" 377 4528591
563 "summer" 518 2677245
894 "summer" 420 3639123
163 "summer" 370 2785365
886 "summer" 473 3512281
243 "summer" 615 4522801
495 "summer" 470 4501243
750 "summer" 254 3141790
655 "summer" 417 3971287
549 "summer" 366 2589705
786 "summer" 190 2422375
88 "summer" 445 4592676
162 "summer" 543 4368391
615 "summer" 800 3462001
755 "summer" 311 3452522
434 "summer" 548 5243354
276 "summer" 549 2877271
785 "summer" 287 4745278
641 "summer" 702 4287095
319 "summer" 419 4820375
847 "summer" 395 3748726
267 "summer" 1694 4214226
822 "summer" 310 2794707
68 "summer" 567 4616161
126 "summer" 465 4392170
426 "summer" 506 4480732
480 "summer" 367 4382499
254 "summer" 2339 2661764
101 "summer" 308 3506408
711 "summer" 296 4163878
390 "summer" 443 4092493
451 "summer" 261 3415556
625 "summer" 440 2419667
53 "summer" 455 3957246
572 "summer" 1142 4839349
731 "summer" 131 2648796
505 "summer" 267 3298435
764 "summer" 240 3116285
215 "summer" 933 4675935
72 "summer" 252 3205791
518 "summer" 299 3945886
24 "summer" 221 3060131
348 "summer" 394 5110848
169 "summer" 733 3890442
614 "summer" 800 3733012
788 "summer" 347 4741652
441 "summer" 367 5544096
51 "summer" 375 4105936
222 "summer" 1055 4192195
714 "summer" 322 3751506
160 "summer" 806 4482613
202 "summer" 626 4670018
782 "summer" 458 4239273
75 "summer" 513 4579666
898 "summer" 258 2118847
360 "summer" 249 3523798
247 "summer" 675 2520574
792 "summer" 332 3408712
621 "summer" 759 6504326
94 "summer" 360 3265793
852 "summer" 321 4010576
758 "summer" 139 2079118
496 "summer" 326 3725602
168 "summer" 690 4065543
491 "summer" 404 4865886
767 "summer" 190 2793752
322 "summer" 506 4958658
71 "summer" 408 4509470
41 "summer" 599 4957463
219 "summer" 702 2720683
353 "summer" 208 3358402
667 "summer" 400 2584894
562 "summer" 342 2568633
377 "summer" 436 4989335
58 "summer" 213 2914617
569 "summer" 366 2878348
823 "summer" 376 3841293
738 "summer" 131 2652019
443 "summer" 264 2969332
187 "summer" 636 2502894
122 "summer" 340 2810253
876 "summer" 357 3425537
862 "summer" 305 3509373
424 "summer" 364 4894003
221 "summer" 703 3107732
530 "summer" 314 2532880
19 "summer" 479 4488733
670 "summer" 464 3718859
27 "summer" 448 4022467
86 "summer" 291 3309795
7 "summer" 417 4655603
671 "summer" 541 3861537
38 "summer" 244 3040015
285 "summer" 791 4366242
326 "summer" 501 4565233
743 "summer" 332 3570753
272 "summer" 921 4551867
312 "summer" 535 4693756
457 "summer" 189 2524135
827 "summer" 156 2179522
17 "summer" 240 3260643
191 "summer" 667 2905549
339 "summer" 303 3178056
439 "summer" 344 4645945
388 "summer" 235 3384201
367 "summer" 165 2984685
607 "summer" 568 3398379
380 "summer" 263 3242533
31 "summer" 277 2921246
14 "summer" 483 4983113
528 "summer" 219 1592211
135 "summer" 390 3044464
725 "summer" 315 3883337
581 "summer" 277 1587650
234 "summer" 637 2821690
70 "summer" 446 4905867
305 "summer" 453 4342723
132 "summer" 530 4475862
478 "summer" 194 3640602
404 "summer" 369 3717186
627 "summer" 664 3870696
608 "summer" 600 3340789
237 "summer" 930 4806965
32 "summer" 364 3980524
12 "summer" 398 5125939
280 "summer" 947 4727916
330 "summer" 436 4521996
781 "summer" 399 3528852
809 "summer" 357 3731500
118 "summer" 629 5178713
431 "summer" 498 4768668
333 "summer" 467 4951951
406 "summer" 406 4768082
622 "summer" 611 3931684
342 "summer" 639 5016457
308 "summer" 517 4747688
307 "summer" 678 5036032
630 "summer" 590 3745573
167 "summer" 627 4128658
269 "summer" 1757 3045303
394 "summer" 203 2759293
231 "summer" 904 4907639
264 "summer" 2246 4682356
311 "summer" 348 3143766
707 "summer" 355 3993790
144 "summer" 500 4157667
522 "summer" 452 4289615
779 "summer" 202 2606559
173 "summer" 739 4103950
661 "summer" 286 3003629
183 "summer" 1071 4257148
401 "summer" 233 2872294
801 "summer" 247 3161683
260 "summer" 2364 4236287
705 "summer" 377 4149974
778 "summer" 347 3409283
553 "summer" 627 4053200
460 "summer" 460 3955559
62 "summer" 517 4643934
749 "summer" 359 3645271
398 "summer" 348 3704711
39 "summer" 539 4415517
433 "summer" 470 4990891
900 "summer" 389 3493228
888 "summer" 447 3635953
180 "summer" 780 4218664
447 "summer" 460 4990514
783 "summer" 316 4008272
346 "summer" 325 3880059
864 "summer" 241 2826178
887 "summer" 507 3989819
839 "summer" 261 3578765
837 "summer" 328 3672733
393 "summer" 316 3816877
85 "summer" 590 4459009
314 "summer" 565 4943541
769 "summer" 384 3412295
818 "summer" 348 3977862
211 "summer" 994 4855598
36 "summer" 269 2989276
196 "summer" 708 4447578
585 "summer" 926 3053066
857 "summer" 210 2508775
323 "summer" 661 5209124
29 "summer" 223 2589823
832 "summer" 331 3607100
849 "summer" 221 2777073
270 "summer" 1633 4204264
47 "summer" 490 4410375
794 "summer" 211 2544237
208 "summer" 1195 4286399
140 "summer" 535 4657102
93 "summer" 342 3210774
299 "summer" 558 5176811
115 "summer" 357 3109516
716 "summer" 165 2348608
179 "summer" 788 4093389
262 "summer" 2551 2863093
105 "summer" 426 4892222
871 "summer" 271 2928964
858 "summer" 316 3532834
184 "summer" 771 2394581
638 "summer" 738 3460136
850 "summer" 260 2873211
355 "summer" 471 4740512
351 "summer" 333 4547909
499 "summer" 139 1713420
325 "summer" 365 3428276
742 "summer" 310 3629904
397 "summer" 314 3732190
811 "summer" 325 3853376
121 "summer" 272 2818519
109 "summer" 554 4517584
902 "summer" 618 4170504
366 "summer" 211 2883243
106 "summer" 406 4546153
454 "summer" 575 4710088
507 "summer" 206 2403004
527 "summer" 167 1602542
759 "summer" 142 2257032
365 "summer" 308 3755213
411 "summer" 575 4827397
502 "summer" 314 3306520
246 "summer" 747 4284502
787 "summer" 204 2719693
855 "summer" 376 3196438
376 "summer" 490 4858521
82 "summer" 555 4563599
668 "summer" 303 3138222
74 "summer" 422 4590027
445 "summer" 408 4462366
647 "summer" 411 2488705
141 "summer" 511 4118444
318 "summer" 254 3614367
573 "summer" 1336 4107353
532 "summer" 364 2891624
145 "summer" 482 4233929
77 "summer" 525 4765974
735 "summer" 287 3848849
820 "summer" 292 3497814
712 "summer" 323 3862094
753 "summer" 289 3458788
186 "summer" 675 3154334
814 "summer" 230 2628729
432 "summer" 411 4661745
838 "summer" 296 3793223
722 "summer" 274 3325505
482 "summer" 340 4762025
356 "summer" 389 5295321
130 "summer" 572 4412446
206 "summer" 553 2888034
129 "summer" 433 3064909
178 "summer" 461 2610171
124 "summer" 594 4283442
889 "summer" 466 3561997
879 "summer" 341 3748860
15 "summer" 485 4426033
258 "summer" 2912 4730675
350 "summer" 339 4879990
672 "summer" 406 3760804
770 "summer" 320 3448218
374 "summer" 248 3495650
409 "summer" 252 3425044
654 "summer" 455 3507207
521 "summer" 273 3315216
230 "summer" 966 4674531
306 "summer" 623 4733738
840 "summer" 287 3992477
42 "summer" 693 4713087
746 "summer" 296 4070967
895 "summer" 426 3582404
582 "summer" 589 2267064
102 "summer" 448 4670117
245 "summer" 793 4604176
1 "summer" 241 3977379
777 "summer" 377 4179004
244 "summer" 834 5238016
592 "summer" 1223 3288102
69 "summer" 640 4800713
410 "summer" 445 4974240
371 "summer" 355 4716133
151 "summer" 670 4211602
292 "summer" 593 4671230
273 "summer" 939 5180176
819 "summer" 344 3743061
474 "summer" 445 4772486
824 "summer" 306 3513604
37 "summer" 227 2676643
475 "summer" 287 5266128
405 "summer" 436 5990487
125 "summer" 580 4407365
337 "summer" 621 4784178
218 "summer" 1190 4247817
452 "summer" 468 4092466
557 "summer" 636 3804116
227 "summer" 856 3162062
87 "summer" 308 3367307
740 "summer" 401 3779247
488 "summer" 389 5774999
347 "summer" 434 4936210
407 "summer" 312 4433504
236 "summer" 1378 4659315
298 "summer" 637 5213756
831 "summer" 362 4197644
486 "summer" 235 3015765
748 "summer" 313 3473604
657 "summer" 606 3509256
620 "summer" 602 3455651
92 "summer" 581 4439092
176 "summer" 736 3797442
438 "summer" 370 4625346
587 "summer" 762 3427697
373 "summer" 271 3034916
803 "summer" 443 4482325
516 "summer" 337 4272762
194 "summer" 853 4353917
59 "summer" 238 2952855
128 "summer" 357 3090039
349 "summer" 392 5658955
588 "summer" 987 3241428
591 "summer" 1095 2094450
673 "summer" 395 3501594
119 "summer" 580 4975726
709 "summer" 164 2276024
265 "summer" 3183 4662510
320 "summer" 467 4819758
4 "summer" 404 4598314
354 "summer" 383 4517991
640 "summer" 452 2738239
127 "summer" 530 4429584
517 "summer" 276 4117419
763 "summer" 290 3016262
674 "summer" 256 2308675
429 "summer" 216 3391583
190 "summer" 932 4190744
766 "summer" 158 2706757
547 "summer" 646 3452037
795 "summer" 360 3050247
23 "summer" 284 3104519
844 "summer" 278 3976677
266 "summer" 1862 4504603
846 "summer" 433 3647099
719 "summer" 324 3829848
9 "summer" 285 3442642
61 "summer" 582 4472190
338 "summer" 296 3225806
473 "summer" 380 4628982
734 "summer" 313 3668529
381 "summer" 197 3397945
261 "summer" 2302 3037220
466 "summer" 370 4018333
543 "summer" 583 3309702
577 "summer" 378 2365385
791 "summer" 350 3848784
816 "summer" 217 3198922
66 "summer" 454 3407641
724 "summer" 177 2666180
456 "summer" 520 4207180
775 "summer" 435 3488226
286 "summer" 989 5970027
418 "summer" 458 5022691
317 "summer" 292 3337467
583 "summer" 663 2182447
610 "summer" 614 3150003
413 "summer" 410 4835228
548 "summer" 368 2498036
284 "summer" 726 3510063
283 "summer" 538 2896851
185 "summer" 525 2469661
720 "summer" 305 3955190
662 "summer" 415 3810706
604 "summer" 403 2151777
881 "summer" 532 3773393
341 "summer" 547 4596265
95 "summer" 555 5010247
471 "summer" 224 2636740
611 "summer" 460 2155865
853 "summer" 364 3908925
737 "summer" 188 2311910
197 "summer" 856 4212269
364 "summer" 320 3521749
108 "summer" 312 3262193
515 "summer" 364 3263621
5 "summer" 394 5046683
651 "summer" 641 3886051
541 "summer" 246 1766108
774 "summer" 368 3497493
872 "summer" 427 4280880
392 "summer" 377 4182275
560 "summer" 552 3764808
806 "summer" 541 3856005
568 "summer" 672 3689447
805 "summer" 660 3878173
605 "summer" 461 2241681
79 "summer" 405 3272864
114 "summer" 282 3226592
25 "summer" 558 4272018
656 "summer" 442 4079720
885 "summer" 253 2491932
112 "summer" 602 4929045
534 "summer" 190 1744791
519 "summer" 378 3051908
198 "summer" 470 2829389
793 "summer" 206 2169085
358 "summer" 462 4808290
586 "summer" 647 2386224
450 "summer" 271 3243099
594 "summer" 811 3768106
833 "summer" 393 4188634
535 "summer" 172 1935800
808 "summer" 215 2818842
739 "summer" 283 3819985
76 "summer" 609 4642391
361 "summer" 396 4569387
34 "summer" 459 3922416
760 "summer" 158 2282399
462 "summer" 421 4071318
558 "summer" 467 4078849
784 "summer" 313 4460964
487 "summer" 349 4713557
336 "summer" 512 4720409
146 "summer" 771 4553717
18 "summer" 536 4672470
233 "summer" 594 3110556
385 "summer" 536 4983996
357 "summer" 444 4918529
676 "summer" 313 3659314
877 "summer" 334 2350353
228 "summer" 861 4558248
650 "summer" 516 3798686
642 "summer" 839 4469630
903 "summer" 263 1881414
659 "summer" 371 3254058
331 "summer" 308 3108545
435 "summer" 380 4664740
861 "summer" 374 4209617
899 "summer" 264 2347861
603 "summer" 545 3245826
235 "summer" 1405 4563478
618 "summer" 404 2196922
164 "summer" 355 2804627
834 "summer" 353 3111202
826 "summer" 313 3582383
107 "summer" 322 3156203
200 "summer" 755 4830687
576 "summer" 529 2390399
402 "summer" 198 2768717
504 "summer" 340 3101793
224 "summer" 1122 4364134
368 "summer" 347 4658062
465 "summer" 194 2492801
419 "summer" 476 4638588
35 "summer" 368 3763797
436 "summer" 273 3158734
193 "summer" 829 4184456
634 "summer" 621 3612311
253 "summer" 1365 4322091
28 "summer" 421 3495218
289 "summer" 355 3068603
613 "summer" 877 3313455
652 "summer" 425 3369545
601 "summer" 929 3508454
64 "summer" 512 4652154
158 "summer" 755 4259362
150 "summer" 364 2931452
295 "summer" 777 4658950
21 "summer" 872 4711172
875 "summer" 376 3796714
540 "summer" 435 2637437
104 "summer" 461 4960805
619 "summer" 453 2190947
412 "summer" 502 4962464
45 "summer" 318 3098186
579 "summer" 663 3797764
552 "summer" 683 3629845
884 "summer" 294 2767779
440 "summer" 533 4644599
472 "summer" 263 2709479
372 "summer" 438 4553643
378 "summer" 458 5131435
756 "summer" 292 3330845
428 "summer" 361 4331477
561 "summer" 757 3774160
851 "summer" 403 4270475
575 "summer" 837 4051323
226 "summer" 600 3101763
648 "summer" 647 3125278
212 "summer" 684 3547478
96 "summer" 572 5814512
189 "summer" 745 4452639
293 "summer" 748 4970309
544 "summer" 800 3917380
453 "summer" 453 4491552
843 "summer" 167 2773757
395 "summer" 170 2415059
313 "summer" 550 4603617
417 "summer" 392 4187171
48 "summer" 505 4571611
84 "summer" 646 4469528
736 "summer" 325 3426439
663 "summer" 545 3682994
110 "summer" 496 4836937
239 "summer" 866 4316496
340 "summer" 565 4879249
732 "summer" 241 3839986
207 "summer" 1367 4536127
867 "summer" 380 3734761
415 "summer" 236 2987013
297 "summer" 403 3326548
345 "summer" 386 3198641
175 "summer" 898 4356162
744 "summer" 224 2468383
765 "summer" 157 2251746
205 "summer" 690 3023096
728 "summer" 238 2582752
223 "summer" 970 4293734
752 "summer" 162 2712593
550 "summer" 504 3000934
710 "summer" 223 2906571
559 "summer" 512 3872458
117 "summer" 622 4904732
52 "summer" 324 3254574
166 "summer" 806 4268364
99 "summer" 537 4704661
210 "summer" 967 4606994
745 "summer" 218 2807844
174 "summer" 853 4497408
281 "summer" 772 4286243
16 "summer" 351 3290019
617 "summer" 799 3280575
892 "summer" 211 2243183
111 "summer" 513 4776397
241 "summer" 738 3091886
489 "summer" 341 5281561
3 "summer" 242 3320550
635 "summer" 485 3541012
533 "summer" 328 2962443
470 "summer" 348 3617986
666 "summer" 585 3538706
232 "summer" 1059 4371863
878 "summer" 291 2272961
590 "summer" 961 2089384
866 "summer" 312 3250006
644 "summer" 808 3773650
718 "summer" 286 3768056
523 "summer" 408 3539852
476 "summer" 317 5221121
717 "summer" 200 2845251
771 "summer" 345 3279431
113 "summer" 569 4463862
773 "summer" 258 2565723
776 "summer" 252 3569212
216 "summer" 1002 4568343
131 "summer" 633 4574849
464 "summer" 184 2294458
513 "summer" 142 1610629
595 "summer" 992 3777327
873 "summer" 378 3970924
628 "summer" 666 3746928
255 "summer" 2003 2915126
304 "summer" 440 3183445
664 "summer" 415 3448940
142 "summer" 395 2610942
658 "summer" 466 3662279
715 "summer" 281 3645201
252 "summer" 1357 4609535
300 "summer" 648 5167343
556 "summer" 336 2537500
148 "summer" 626 4502496
442 "summer" 334 4203058
468 "summer" 369 4086746
171 "summer" 381 2570010
60 "summer" 541 4413146
20 "summer" 494 4710355
275 "summer" 478 2720440
13 "summer" 471 5163213
91 "summer" 501 4859976
503 "summer" 390 3604625
22 "summer" 419 4481679
896 "summer" 549 3698130
80 "summer" 284 3195094
369 "summer" 335 4774040
279 "summer" 858 4730333
835 "summer" 168 2198902
310 "summer" 278 3158000
675 "summer" 309 3030161
727 "summer" 414 3412323
729 "summer" 228 2637364
375 "summer" 384 4803900
57 "summer" 365 3922006
427 "summer" 378 4937024
836 "summer" 162 2387619
263 "summer" 2396 4402749
65 "summer" 364 3281718
555 "summer" 363 2374703
479 "summer" 197 3152739
251 "summer" 1064 4540717
250 "summer" 884 4496626
612 "summer" 406 2215055
152 "summer" 658 4525225
510 "summer" 242 2625026
359 "summer" 333 3089523
455 "summer" 664 4615643
526 "summer" 289 2543410
213 "summer" 620 3183096
296 "summer" 386 3056471
564 "summer" 1020 3969317
762 "summer" 294 2966030
256 "summer" 2684 4422591
414 "summer" 393 4538673
498 "summer" 209 2782958
514 "summer" 204 2062801
891 "summer" 258 2104281
133 "summer" 552 4491081
43 "summer" 489 4336214
477 "summer" 285 5381232
500 "summer" 142 1989637
520 "summer" 209 3202814
83 "summer" 547 4501659
321 "summer" 410 4894242
209 "summer" 892 4646267
403 "summer" 31 323755
768 "summer" 258 3568876
868 "summer" 515 3900189
593 "summer" 942 3367380
501 "summer" 288 2833178
598 "summer" 601 1966927
201 "summer" 613 4753982
2 "summer" 233 2989580
636 "summer" 630 3630893
315 "summer" 533 5000514
484 "summer" 358 4454840
706 "summer" 386 3989821
639 "summer" 497 2466350
897 "summer" 439 3375196
139 "summer" 641 4445784
812 "summer" 260 3850987
220 "summer" 603 2686696
449 "summer" 377 4603270
869 "summer" 449 3936213
420 "summer" 418 5162404
282 "summer" 620 2932588
257 "summer" 2983 4723534
830 "summer" 178 2618928
56 "summer" 434 4302053
78 "summer" 417 4128740
539 "summer" 424 2674867
50 "summer" 546 4669996
580 "summer" 433 2515613
170 "summer" 399 2550442
860 "summer" 278 3453180
240 "summer" 666 3072054
134 "summer" 635 4295688
492 "summer" 255 3479341
49 "summer" 566 4696779
751 "summer" 163 3049932
854 "summer" 352 3733281
389 "summer" 374 4578804
430 "summer" 274 3551713
90 "summer" 412 4627667
589 "summer" 1158 3242967
497 "summer" 276 3628432
633 "summer" 548 2447718
446 "summer" 539 5245562
384 "summer" 406 5366107
153 "summer" 696 4522341
713 "summer" 366 3947456
789 "summer" 407 3912056
599 "summer" 933 3712119
512 "summer" 207 2695902
362 "summer" 434 4586531
804 "summer" 423 4726883
821 "summer" 219 2314979
188 "summer" 640 3358609
67 "summer" 666 4632475
161 "summer" 593 4498393
309 "summer" 457 4626876
597 "summer" 700 2140766
859 "summer" 366 3676591
271 "summer" 893 4185168
249 "summer" 924 4215929
332 "summer" 263 3064726
303 "summer" 368 2997988
567 "summer" 721 3932623
802 "summer" 395 4382679
874 "summer" 441 3729822
416 "summer" 240 3154516
177 "summer" 475 2407407
757 "summer" 257 2809841
629 "summer" 535 4210102
865 "summer" 337 3981668
637 "summer" 618 3718902
632 "summer" 371 2394198
545 "summer" 676 4179753
602 "summer" 633 3723142
192 "summer" 576 2749326
143 "summer" 334 2633443
136 "summer" 333 3079235
278 "summer" 884 4705093
733 "summer" 279 3493488
845 "summer" 421 3452729
901 "summer" 385 3754529
291 "summer" 650 4339309
204 "summer" 774 4270522
467 "summer" 318 3887172
863 "summer" 222 2427217
444 "summer" 303 3156869
665 "summer" 516 3731409
509 "summer" 235 2770367
238 "summer" 908 4800688
531 "summer" 239 2386348
653 "summer" 299 2821517
551 "summer" 793 3745193
490 "summer" 385 5482872
217 "summer" 1116 4603440
525 "summer" 300 2934020
259 "summer" 2714 4612186
880 "summer" 362 3783106
370 "summer" 383 5120116
566 "summer" 730 4265485
537 "summer" 389 2880973
10 "summer" 261 3950986
643 "summer" 671 4132571
214 "summer" 972 4477315
399 "summer" 388 3749145
485 "summer" 207 3011371
546 "summer" 824 4006408
469 "summer" 341 4144165
463 "summer" 325 3789249
660 "summer" 248 2251804
542 "summer" 255 1830874
494 "summer" 430 4830149
172 "summer" 701 4040589
726 "summer" 480 3420679
538 "summer" 377 2788934
97 "summer" 558 4878721
461 "summer" 420 4083850
63 "summer" 436 4596459
81 "summer" 354 3879827
98 "summer" 530 4908066
6 "summer" 421 4742773
8 "summer" 456 4486722
842 "summer" 166 2780476
893 "summer" 439 3424569
0 "summer" 45 660268
89 "summer" 458 4670402
741 "summer" 294 4437240
596 "summer" 819 3264638
600 "summer" 953 3609342
747 "summer" 311 4162044
147 "summer" 624 4693353
645 "summer" 592 3748481
708 "summer" 301 4026620
458 "summer" 230 2764407
481 "summer" 348 4775236
100 "summer" 303 3258156
408 "summer" 296 3003359
721 "summer" 353 3515300
343 "summer" 719 4811329
529 "summer" 299 2423554
536 "summer" 341 2854620
800 "summer" 130 1478259
159 "summer" 666 4693229
483 "summer" 436 4986413
790 "summer" 343 3965176
813 "summer" 384 3686896
199 "summer" 530 3009781
363 "summer" 428 4615436
810 "summer" 318 3718545
400 "summer" 455 3834045
274 "summer" 824 4517075
137 "summer" 587 4376274
565 "summer" 781 4150408
882 "summer" 363 3927738
335 "summer" 590 5255320
754 "summer" 364 3327467
30 "summer" 266 3200741
352 "summer" 164 3051995
387 "summer" 243 3136514
386 "summer" 425 4415622
33 "summer" 348 3960114
288 "summer" 521 4298177
584 "summer" 544 1947317
609 "summer" 628 3671693
334 "summer" 576 5311661
290 "summer" 395 3246816
459 "summer" 408 3898257
242 "summer" 828 4412038
268 "summer" 1916 2885698
493 "summer" 265 3701967
723 "summer" 181 2671735
55 "summer" 511 4346280
