883 "crisis" 267 6623969
704 "crisis" 558 3897091
856 "crisis" 237 2500075
807 "crisis" 251 2589292
422 "crisis" 361 3340031
301 "crisis" 548 4974293
578 "crisis" 347 3778636
817 "crisis" 315 3545631
423 "crisis" 295 3593282
11 "crisis" 494 5076085
677 "crisis" 338 2795154
316 "crisis" 514 4760984
631 "crisis" 262 3465836
379 "crisis" 434 4754134
554 "crisis" 349 3437340
181 "crisis" 405 4115145
294 "crisis" 582 4935176
138 "crisis" 591 4530456
623 "crisis" 551 3697934
40 "crisis" 519 5016991
46 "crisis" 501 4647737
229 "crisis" 546 4618236
815 "crisis" 199 2500055
780 "crisis" 277 2798674
54 "crisis" 769 4516401
195 "crisis" 298 4509327
606 "crisis" 557 3438838
396 "crisis" 221 3019202
123 "crisis" 477 4390534
120 "crisis" 326 4127933
437 "crisis" 332 3242335
448 "crisis" 452 5061752
155 "crisis" 456 4338452
302 "crisis" 464 4416049
890 "crisis" 282 3236710
524 "crisis" 305 3672117
626 "crisis" 459 2521199
44 "crisis" 352 2824642
182 "crisis" 610 4328019
149 "crisis" 358 2873197
421 "crisis" 482 4734608
624 "crisis" 728 3392113
157 "crisis" 367 2827932
382 "crisis" 449 4848535
730 "crisis" 211 2129305
329 "crisis" 436 5048823
649 "crisis" 478 3756953
277 "crisis" 354 4510454
506 "crisis" 101 2280882
165 "crisis" 404 4205059
669 "crisis" 559 4169888
156 "crisis" 368 2933652
703 "crisis" 362 2124225
344 "crisis" 408 4902639
772 "crisis" 160 2352231
154 "crisis" 507 4360701
287 "crisis" 485 4636599
574 "crisis" 341 4039212
841 "crisis" 279 3572842
761 "crisis" 205 2764696
616 "crisis" 386 3565087
103 "crisis" 657 4788773
508 "crisis" 176 2749942
26 "crisis" 489 4338785
73 "crisis" 521 3273786
327 "crisis" 471 4550815
870 "crisis" 355 2780452
203 "crisis" 360 4472806
324 "crisis" 372 3264547
511 "crisis" 308 3063958
646 "crisis" 250 2290270
383 "crisis" 529 4754648
825 "crisis" 324 3779952
425 "crisis" 382 4623706
248 "crisis" 200 2647463
328 "crisis" 430 4867842
570 "crisis" 259 2545168
116 "crisis" 485 4644643
225 "crisis" 402 4188329
571 "crisis" 312 4191584
391 "crisis" 431 4230291
848 "crisis" 383 4528591
563 "crisis" 263 2677245
894 "crisis" 305 3639123
163 "crisis" 417 2785365
886 "crisis" 288 3512281
243 "crisis" 285 4522801
495 "crisis" 303 4501243
750 "crisis" 231 3141790
655 "crisis" 432 3971287
549 "crisis" 236 2589705
786 "crisis" 236 2422375
88 "crisis" 714 4592676
162 "crisis" 412 4368391
615 "crisis" 330 3462001
755 "crisis" 320 3452522
434 "crisis" 413 5243354
276 "crisis" 265 2877271
785 "crisis" 281 4745278
641 "crisis" 386 4287095
319 "crisis" 753 4820375
847 "crisis" 476 3748726
267 "crisis" 440 4214226
822 "crisis" 150 2794707
68 "crisis" 713 4616161
126 "crisis" 473 4392170
426 "crisis" 411 4480732
480 "crisis" 373 4382499
254 "crisis" 247 2661764
101 "crisis" 839 3506408
711 "crisis" 602 4163878
390 "crisis" 710 4092493
451 "crisis" 315 3415556
625 "crisis" 502 2419667
53 "crisis" 712 3957246
572 "crisis" 614 4839349
731 "crisis" 241 2648796
505 "crisis" 174 3298435
764 "crisis" 243 3116285
215 "crisis" 625 4675935
72 "crisis" 529 3205791
518 "crisis" 298 3945886
24 "crisis" 261 3060131
348 "crisis" 375 5110848
169 "crisis" 460 3890442
614 "crisis" 388 3733012
788 "crisis" 372 4741652
441 "crisis" 430 5544096
51 "crisis" 540 4105936
222 "crisis" 453 4192195
714 "crisis" 434 3751506
160 "crisis" 813 4482613
202 "crisis" 518 4670018
782 "crisis" 364 4239273
75 "crisis" 927 4579666
898 "crisis" 153 2118847
360 "crisis" 364 3523798
247 "crisis" 283 2520574
792 "crisis" 355 3408712
621 "crisis" 492 6504326
94 "crisis" 441 3265793
852 "crisis" 324 4010576
758 "crisis" 139 2079118
496 "crisis" 308 3725602
168 "crisis" 420 4065543
491 "crisis" 365 4865886
767 "crisis" 138 2793752
322 "crisis" 532 4958658
71 "crisis" 829 4509470
41 "crisis" 441 4957463
219 "crisis" 268 2720683
353 "crisis" 273 3358402
667 "crisis" 388 2584894
562 "crisis" 320 2568633
377 "crisis" 476 4989335
58 "crisis" 694 2914617
569 "crisis" 171 2878348
823 "crisis" 202 3841293
738 "crisis" 190 2652019
443 "crisis" 240 2969332
187 "crisis" 186 2502894
122 "crisis" 330 2810253
876 "crisis" 272 3425537
862 "crisis" 366 3509373
424 "crisis" 382 4894003
221 "crisis" 356 3107732
530 "crisis" 199 2532880
19 "crisis" 603 4488733
670 "crisis" 601 3718859
27 "crisis" 293 4022467
86 "crisis" 583 3309795
7 "crisis" 761 4655603
671 "crisis" 542 3861537
38 "crisis" 204 3040015
285 "crisis" 497 4366242
326 "crisis" 446 4565233
743 "crisis" 207 3570753
272 "crisis" 307 4551867
312 "crisis" 541 4693756
457 "crisis" 178 2524135
827 "crisis" 141 2179522
17 "crisis" 430 3260643
191 "crisis" 219 2905549
339 "crisis" 359 3178056
439 "crisis" 461 4645945
388 "crisis" 419 3384201
367 "crisis" 174 2984685
607 "crisis" 421 3398379
380 "crisis" 346 3242533
31 "crisis" 236 2921246
14 "crisis" 586 4983113
528 "crisis" 131 1592211
135 "crisis" 234 3044464
725 "crisis" 462 3883337
581 "crisis" 191 1587650
234 "crisis" 247 2821690
70 "crisis" 822 4905867
305 "crisis" 510 4342723
132 "crisis" 505 4475862
478 "crisis" 137 3640602
404 "crisis" 219 3717186
627 "crisis" 367 3870696
608 "crisis" 344 3340789
237 "crisis" 344 4806965
32 "crisis" 400 3980524
12 "crisis" 376 5125939
280 "crisis" 470 4727916
330 "crisis" 366 4521996
781 "crisis" 384 3528852
809 "crisis" 446 3731500
118 "crisis" 650 5178713
431 "crisis" 512 4768668
333 "crisis" 542 4951951
406 "crisis" 348 4768082
622 "crisis" 520 3931684
342 "crisis" 377 5016457
308 "crisis" 538 4747688
307 "crisis" 758 5036032
630 "crisis" 351 3745573
167 "crisis" 532 4128658
269 "crisis" 224 3045303
394 "crisis" 198 2759293
231 "crisis" 432 4907639
264 "crisis" 272 4682356
311 "crisis" 243 3143766
707 "crisis" 560 3993790
144 "crisis" 505 4157667
522 "crisis" 315 4289615
779 "crisis" 202 2606559
173 "crisis" 472 4103950
661 "crisis" 317 3003629
183 "crisis" 517 4257148
401 "crisis" 204 2872294
801 "crisis" 331 3161683
260 "crisis" 339 4236287
705 "crisis" 476 4149974
778 "crisis" 306 3409283
553 "crisis" 446 4053200
460 "crisis" 311 3955559
62 "crisis" 830 4643934
749 "crisis" 255 3645271
398 "crisis" 202 3704711
39 "crisis" 391 4415517
433 "crisis" 458 4990891
900 "crisis" 292 3493228
888 "crisis" 316 3635953
180 "crisis" 557 4218664
447 "crisis" 437 4990514
783 "crisis" 404 4008272
346 "crisis" 297 3880059
864 "crisis" 327 2826178
887 "crisis" 316 3989819
839 "crisis" 321 3578765
837 "crisis" 348 3672733
393 "crisis" 549 3816877
85 "crisis" 815 4459009
314 "crisis" 535 4943541
769 "crisis" 301 3412295
818 "crisis" 479 3977862
211 "crisis" 928 4855598
36 "crisis" 328 2989276
196 "crisis" 312 4447578
585 "crisis" 301 3053066
857 "crisis" 163 2508775
323 "crisis" 521 5209124
29 "crisis" 190 2589823
832 "crisis" 406 3607100
849 "crisis" 195 2777073
270 "crisis" 425 4204264
47 "crisis" 552 4410375
794 "crisis" 266 2544237
208 "crisis" 520 4286399
140 "crisis" 595 4657102
93 "crisis" 352 3210774
299 "crisis" 718 5176811
115 "crisis" 246 3109516
716 "crisis" 232 2348608
179 "crisis" 531 4093389
262 "crisis" 189 2863093
105 "crisis" 572 4892222
871 "crisis" 341 2928964
858 "crisis" 214 3532834
184 "crisis" 248 2394581
638 "crisis" 462 3460136
850 "crisis" 242 2873211
355 "crisis" 493 4740512
351 "crisis" 470 4547909
499 "crisis" 146 1713420
325 "crisis" 357 3428276
742 "crisis" 443 3629904
397 "crisis" 262 3732190
811 "crisis" 368 3853376
121 "crisis" 307 2818519
109 "crisis" 648 4517584
902 "crisis" 402 4170504
366 "crisis" 347 2883243
106 "crisis" 666 4546153
454 "crisis" 352 4710088
507 "crisis" 85 2403004
527 "crisis" 179 1602542
759 "crisis" 169 2257032
365 "crisis" 276 3755213
411 "crisis" 433 4827397
502 "crisis" 279 3306520
246 "crisis" 608 4284502
787 "crisis" 214 2719693
855 "crisis" 286 3196438
376 "crisis" 492 4858521
82 "crisis" 631 4563599
668 "crisis" 268 3138222
74 "crisis" 694 4590027
445 "crisis" 619 4462366
647 "crisis" 270 2488705
141 "crisis" 531 4118444
318 "crisis" 457 3614367
573 "crisis" 515 4107353
532 "crisis" 280 2891624
145 "crisis" 586 4233929
77 "crisis" 993 4765974
735 "crisis" 463 3848849
820 "crisis" 304 3497814
712 "crisis" 506 3862094
753 "crisis" 288 3458788
186 "crisis" 271 3154334
814 "crisis" 218 2628729
432 "crisis" 441 4661745
838 "crisis" 304 3793223
722 "crisis" 396 3325505
482 "crisis" 270 4762025
356 "crisis" 444 5295321
130 "crisis" 429 4412446
206 "crisis" 222 2888034
129 "crisis" 349 3064909
178 "crisis" 296 2610171
124 "crisis" 535 4283442
889 "crisis" 300 3561997
879 "crisis" 373 3748860
15 "crisis" 548 4426033
258 "crisis" 372 4730675
350 "crisis" 427 4879990
672 "crisis" 672 3760804
770 "crisis" 311 3448218
374 "crisis" 415 3495650
409 "crisis" 335 3425044
654 "crisis" 384 3507207
521 "crisis" 121 3315216
230 "crisis" 484 4674531
306 "crisis" 428 4733738
840 "crisis" 338 3992477
42 "crisis" 573 4713087
746 "crisis" 268 4070967
895 "crisis" 246 3582404
582 "crisis" 190 2267064
102 "crisis" 1020 4670117
245 "crisis" 463 4604176
1 "crisis" 282 3977379
777 "crisis" 300 4179004
244 "crisis" 391 5238016
592 "crisis" 374 3288102
69 "crisis" 652 4800713
410 "crisis" 754 4974240
371 "crisis" 508 4716133
151 "crisis" 451 4211602
292 "crisis" 445 4671230
273 "crisis" 368 5180176
819 "crisis" 445 3743061
474 "crisis" 362 4772486
824 "crisis" 402 3513604
37 "crisis" 96 2676643
475 "crisis" 509 5266128
405 "crisis" 278 5990487
125 "crisis" 536 4407365
337 "crisis" 411 4784178
218 "crisis" 446 4247817
452 "crisis" 374 4092466
557 "crisis" 390 3804116
227 "crisis" 287 3162062
87 "crisis" 393 3367307
740 "crisis" 381 3779247
488 "crisis" 372 5774999
347 "crisis" 382 4936210
407 "crisis" 452 4433504
236 "crisis" 387 4659315
298 "crisis" 919 5213756
831 "crisis" 483 4197644
486 "crisis" 139 3015765
748 "crisis" 330 3473604
657 "crisis" 477 3509256
620 "crisis" 215 3455651
92 "crisis" 615 4439092
176 "crisis" 375 3797442
438 "crisis" 467 4625346
587 "crisis" 388 3427697
373 "crisis" 259 3034916
803 "crisis" 685 4482325
516 "crisis" 209 4272762
194 "crisis" 420 4353917
59 "crisis" 497 2952855
128 "crisis" 303 3090039
349 "crisis" 593 5658955
588 "crisis" 311 3241428
591 "crisis" 229 2094450
673 "crisis" 635 3501594
119 "crisis" 573 4975726
709 "crisis" 300 2276024
265 "crisis" 338 4662510
320 "crisis" 524 4819758
4 "crisis" 500 4598314
354 "crisis" 460 4517991
640 "crisis" 254 2738239
127 "crisis" 487 4429584
517 "crisis" 261 4117419
763 "crisis" 273 3016262
674 "crisis" 372 2308675
429 "crisis" 274 3391583
190 "crisis" 554 4190744
766 "crisis" 99 2706757
547 "crisis" 220 3452037
795 "crisis" 269 3050247
23 "crisis" 401 3104519
844 "crisis" 569 3976677
266 "crisis" 401 4504603
846 "crisis" 429 3647099
719 "crisis" 573 3829848
9 "crisis" 279 3442642
61 "crisis" 751 4472190
338 "crisis" 373 3225806
473 "crisis" 284 4628982
734 "crisis" 384 3668529
381 "crisis" 353 3397945
261 "crisis" 178 3037220
466 "crisis" 324 4018333
543 "crisis" 271 3309702
577 "crisis" 285 2365385
791 "crisis" 389 3848784
816 "crisis" 261 3198922
66 "crisis" 569 3407641
724 "crisis" 297 2666180
456 "crisis" 331 4207180
775 "crisis" 241 3488226
286 "crisis" 481 5970027
418 "crisis" 472 5022691
317 "crisis" 470 3337467
583 "crisis" 147 2182447
610 "crisis" 212 3150003
413 "crisis" 315 4835228
548 "crisis" 233 2498036
284 "crisis" 363 3510063
283 "crisis" 376 2896851
185 "crisis" 279 2469661
720 "crisis" 417 3955190
662 "crisis" 507 3810706
604 "crisis" 218 2151777
881 "crisis" 386 3773393
341 "crisis" 466 4596265
95 "crisis" 853 5010247
471 "crisis" 385 2636740
611 "crisis" 223 2155865
853 "crisis" 297 3908925
737 "crisis" 163 2311910
197 "crisis" 337 4212269
364 "crisis" 306 3521749
108 "crisis" 613 3262193
515 "crisis" 195 3263621
5 "crisis" 700 5046683
651 "crisis" 590 3886051
541 "crisis" 137 1766108
774 "crisis" 238 3497493
872 "crisis" 405 4280880
392 "crisis" 489 4182275
560 "crisis" 603 3764808
806 "crisis" 438 3856005
568 "crisis" 421 3689447
805 "crisis" 425 3878173
605 "crisis" 229 2241681
79 "crisis" 516 3272864
114 "crisis" 347 3226592
25 "crisis" 354 4272018
656 "crisis" 393 4079720
885 "crisis" 273 2491932
112 "crisis" 953 4929045
534 "crisis" 220 1744791
519 "crisis" 269 3051908
198 "crisis" 154 2829389
793 "crisis" 181 2169085
358 "crisis" 487 4808290
586 "crisis" 338 2386224
450 "crisis" 299 3243099
594 "crisis" 414 3768106
833 "crisis" 284 4188634
535 "crisis" 164 1935800
808 "crisis" 261 2818842
739 "crisis" 320 3819985
76 "crisis" 850 4642391
361 "crisis" 404 4569387
34 "crisis" 389 3922416
760 "crisis" 129 2282399
462 "crisis" 236 4071318
558 "crisis" 452 4078849
784 "crisis" 348 4460964
487 "crisis" 247 4713557
336 "crisis" 459 4720409
146 "crisis" 741 4553717
18 "crisis" 678 4672470
233 "crisis" 219 3110556
385 "crisis" 519 4983996
357 "crisis" 526 4918529
676 "crisis" 541 3659314
877 "crisis" 165 2350353
228 "crisis" 364 4558248
650 "crisis" 557 3798686
642 "crisis" 440 4469630
903 "crisis" 190 1881414
659 "crisis" 474 3254058
331 "crisis" 260 3108545
435 "crisis" 726 4664740
861 "crisis" 452 4209617
899 "crisis" 131 2347861
603 "crisis" 312 3245826
235 "crisis" 375 4563478
618 "crisis" 167 2196922
164 "crisis" 252 2804627
834 "crisis" 256 3111202
826 "crisis" 329 3582383
107 "crisis" 556 3156203
200 "crisis" 420 4830687
576 "crisis" 259 2390399
402 "crisis" 212 2768717
504 "crisis" 160 3101793
224 "crisis" 540 4364134
368 "crisis" 327 4658062
465 "crisis" 260 2492801
419 "crisis" 574 4638588
35 "crisis" 288 3763797
436 "crisis" 524 3158734
193 "crisis" 261 4184456
634 "crisis" 266 3612311
253 "crisis" 551 4322091
28 "crisis" 267 3495218
289 "crisis" 305 3068603
613 "crisis" 368 3313455
652 "crisis" 427 3369545
601 "crisis" 293 3508454
64 "crisis" 911 4652154
158 "crisis" 410 4259362
150 "crisis" 305 2931452
295 "crisis" 780 4658950
21 "crisis" 567 4711172
875 "crisis" 323 3796714
540 "crisis" 265 2637437
104 "crisis" 658 4960805
619 "crisis" 203 2190947
412 "crisis" 583 4962464
45 "crisis" 365 3098186
579 "crisis" 298 3797764
552 "crisis" 498 3629845
884 "crisis" 239 2767779
440 "crisis" 515 4644599
472 "crisis" 269 2709479
372 "crisis" 481 4553643
378 "crisis" 420 5131435
756 "crisis" 402 3330845
428 "crisis" 348 4331477
561 "crisis" 502 3774160
851 "crisis" 448 4270475
575 "crisis" 453 4051323
226 "crisis" 314 3101763
648 "crisis" 376 3125278
212 "crisis" 677 3547478
96 "crisis" 794 5814512
189 "crisis" 473 4452639
293 "crisis" 799 4970309
544 "crisis" 328 3917380
453 "crisis" 317 4491552
843 "crisis" 315 2773757
395 "crisis" 104 2415059
313 "crisis" 541 4603617
417 "crisis" 483 4187171
48 "crisis" 804 4571611
84 "crisis" 728 4469528
736 "crisis" 339 3426439
663 "crisis" 494 3682994
110 "crisis" 912 4836937
239 "crisis" 407 4316496
340 "crisis" 591 4879249
732 "crisis" 426 3839986
207 "crisis" 678 4536127
867 "crisis" 409 3734761
415 "crisis" 363 2987013
297 "crisis" 418 3326548
345 "crisis" 235 3198641
175 "crisis" 513 4356162
744 "crisis" 159 2468383
765 "crisis" 158 2251746
205 "crisis" 337 3023096
728 "crisis" 306 2582752
223 "crisis" 447 4293734
752 "crisis" 166 2712593
550 "crisis" 254 3000934
710 "crisis" 443 2906571
559 "crisis" 521 3872458
117 "crisis" 685 4904732
52 "crisis" 491 3254574
166 "crisis" 416 4268364
99 "crisis" 1008 4704661
210 "crisis" 673 4606994
745 "crisis" 254 2807844
174 "crisis" 423 4497408
281 "crisis" 513 4286243
16 "crisis" 377 3290019
617 "crisis" 316 3280575
892 "crisis" 157 2243183
111 "crisis" 812 4776397
241 "crisis" 296 3091886
489 "crisis" 326 5281561
3 "crisis" 310 3320550
635 "crisis" 193 3541012
533 "crisis" 190 2962443
470 "crisis" 364 3617986
666 "crisis" 451 3538706
232 "crisis" 354 4371863
878 "crisis" 203 2272961
590 "crisis" 249 2089384
866 "crisis" 426 3250006
644 "crisis" 404 3773650
718 "crisis" 600 3768056
523 "crisis" 342 3539852
476 "crisis" 277 5221121
717 "crisis" 258 2845251
771 "crisis" 262 3279431
113 "crisis" 773 4463862
773 "crisis" 128 2565723
776 "crisis" 347 3569212
216 "crisis" 576 4568343
131 "crisis" 521 4574849
464 "crisis" 187 2294458
513 "crisis" 187 1610629
595 "crisis" 430 3777327
873 "crisis" 402 3970924
628 "crisis" 368 3746928
255 "crisis" 224 2915126
304 "crisis" 235 3183445
664 "crisis" 486 3448940
142 "crisis" 397 2610942
658 "crisis" 533 3662279
715 "crisis" 379 3645201
252 "crisis" 527 4609535
300 "crisis" 713 5167343
556 "crisis" 187 2537500
148 "crisis" 630 4502496
442 "crisis" 352 4203058
468 "crisis" 248 4086746
171 "crisis" 335 2570010
60 "crisis" 722 4413146
20 "crisis" 464 4710355
275 "crisis" 217 2720440
13 "crisis" 625 5163213
91 "crisis" 921 4859976
503 "crisis" 256 3604625
22 "crisis" 479 4481679
896 "crisis" 337 3698130
80 "crisis" 452 3195094
369 "crisis" 473 4774040
279 "crisis" 482 4730333
835 "crisis" 272 2198902
310 "crisis" 429 3158000
675 "crisis" 431 3030161
727 "crisis" 431 3412323
729 "crisis" 249 2637364
375 "crisis" 551 4803900
57 "crisis" 927 3922006
427 "crisis" 493 4937024
836 "crisis" 214 2387619
263 "crisis" 323 4402749
65 "crisis" 689 3281718
555 "crisis" 117 2374703
479 "crisis" 173 3152739
251 "crisis" 453 4540717
250 "crisis" 313 4496626
612 "crisis" 209 2215055
152 "crisis" 420 4525225
510 "crisis" 247 2625026
359 "crisis" 189 3089523
455 "crisis" 283 4615643
526 "crisis" 209 2543410
213 "crisis" 499 3183096
296 "crisis" 437 3056471
564 "crisis" 542 3969317
762 "crisis" 260 2966030
256 "crisis" 400 4422591
414 "crisis" 355 4538673
498 "crisis" 308 2782958
514 "crisis" 152 2062801
891 "crisis" 151 2104281
133 "crisis" 450 4491081
43 "crisis" 366 4336214
477 "crisis" 285 5381232
500 "crisis" 121 1989637
520 "crisis" 162 3202814
83 "crisis" 628 4501659
321 "crisis" 542 4894242
209 "crisis" 558 4646267
403 "crisis" 18 323755
768 "crisis" 271 3568876
868 "crisis" 385 3900189
593 "crisis" 347 3367380
501 "crisis" 225 2833178
598 "crisis" 172 1966927
201 "crisis" 438 4753982
2 "crisis" 224 2989580
636 "crisis" 254 3630893
315 "crisis" 572 5000514
484 "crisis" 229 4454840
706 "crisis" 468 3989821
639 "crisis" 308 2466350
897 "crisis" 244 3375196
139 "crisis" 593 4445784
812 "crisis" 314 3850987
220 "crisis" 312 2686696
449 "crisis" 478 4603270
869 "crisis" 468 3936213
420 "crisis" 731 5162404
282 "crisis" 290 2932588
257 "crisis" 400 4723534
830 "crisis" 268 2618928
56 "crisis" 886 4302053
78 "crisis" 834 4128740
539 "crisis" 312 2674867
50 "crisis" 891 4669996
580 "crisis" 339 2515613
170 "crisis" 326 2550442
860 "crisis" 229 3453180
240 "crisis" 275 3072054
134 "crisis" 462 4295688
492 "crisis" 210 3479341
49 "crisis" 678 4696779
751 "crisis" 170 3049932
854 "crisis" 360 3733281
389 "crisis" 574 4578804
430 "crisis" 249 3551713
90 "crisis" 744 4627667
589 "crisis" 311 3242967
497 "crisis" 348 3628432
633 "crisis" 191 2447718
446 "crisis" 649 5245562
384 "crisis" 426 5366107
153 "crisis" 429 4522341
713 "crisis" 419 3947456
789 "crisis" 458 3912056
599 "crisis" 300 3712119
512 "crisis" 303 2695902
362 "crisis" 319 4586531
804 "crisis" 458 4726883
821 "crisis" 210 2314979
188 "crisis" 270 3358609
67 "crisis" 698 4632475
161 "crisis" 560 4498393
309 "crisis" 603 4626876
597 "crisis" 188 2140766
859 "crisis" 306 3676591
271 "crisis" 407 4185168
249 "crisis" 275 4215929
332 "crisis" 235 3064726
303 "crisis" 292 2997988
567 "crisis" 663 3932623
802 "crisis" 642 4382679
874 "crisis" 395 3729822
416 "crisis" 364 3154516
177 "crisis" 299 2407407
757 "crisis" 282 2809841
629 "crisis" 497 4210102
865 "crisis" 526 3981668
637 "crisis" 327 3718902
632 "crisis" 178 2394198
545 "crisis" 359 4179753
602 "crisis" 331 3723142
192 "crisis" 223 2749326
143 "crisis" 287 2633443
136 "crisis" 316 3079235
278 "crisis" 346 4705093
733 "crisis" 465 3493488
845 "crisis" 672 3452729
901 "crisis" 433 3754529
291 "crisis" 380 4339309
204 "crisis" 495 4270522
467 "crisis" 220 3887172
863 "crisis" 245 2427217
444 "crisis" 238 3156869
665 "crisis" 582 3731409
509 "crisis" 207 2770367
238 "crisis" 271 4800688
531 "crisis" 238 2386348
653 "crisis" 330 2821517
551 "crisis" 361 3745193
490 "crisis" 274 5482872
217 "crisis" 467 4603440
525 "crisis" 317 2934020
259 "crisis" 317 4612186
880 "crisis" 270 3783106
370 "crisis" 711 5120116
566 "crisis" 862 4265485
537 "crisis" 272 2880973
10 "crisis" 366 3950986
643 "crisis" 402 4132571
214 "crisis" 871 4477315
399 "crisis" 310 3749145
485 "crisis" 161 3011371
546 "crisis" 252 4006408
469 "crisis" 368 4144165
463 "crisis" 258 3789249
660 "crisis" 282 2251804
542 "crisis" 196 1830874
494 "crisis" 239 4830149
172 "crisis" 408 4040589
726 "crisis" 482 3420679
538 "crisis" 288 2788934
97 "crisis" 576 4878721
461 "crisis" 325 4083850
63 "crisis" 925 4596459
81 "crisis" 608 3879827
98 "crisis" 757 4908066
6 "crisis" 552 4742773
8 "crisis" 493 4486722
842 "crisis" 232 2780476
893 "crisis" 324 3424569
0 "crisis" 45 660268
89 "crisis" 775 4670402
741 "crisis" 334 4437240
596 "crisis" 261 3264638
600 "crisis" 341 3609342
747 "crisis" 294 4162044
147 "crisis" 616 4693353
645 "crisis" 313 3748481
708 "crisis" 488 4026620
458 "crisis" 174 2764407
481 "crisis" 246 4775236
100 "crisis" 537 3258156
408 "crisis" 591 3003359
721 "crisis" 395 3515300
343 "crisis" 429 4811329
529 "crisis" 214 2423554
536 "crisis" 283 2854620
800 "crisis" 123 1478259
159 "crisis" 621 4693229
483 "crisis" 245 4986413
790 "crisis" 445 3965176
813 "crisis" 311 3686896
199 "crisis" 204 3009781
363 "crisis" 299 4615436
810 "crisis" 402 3718545
400 "crisis" 318 3834045
274 "crisis" 368 4517075
137 "crisis" 835 4376274
565 "crisis" 495 4150408
882 "crisis" 398 3927738
335 "crisis" 405 5255320
754 "crisis" 275 3327467
30 "crisis" 111 3200741
352 "crisis" 296 3051995
387 "crisis" 438 3136514
386 "crisis" 578 4415622
33 "crisis" 447 3960114
288 "crisis" 460 4298177
584 "crisis" 218 1947317
609 "crisis" 374 3671693
334 "crisis" 437 5311661
290 "crisis" 255 3246816
459 "crisis" 226 3898257
242 "crisis" 325 4412038
268 "crisis" 272 2885698
493 "crisis" 225 3701967
723 "crisis" 202 2671735
55 "crisis" 1188 4346280
