883 "fire" 705 6623969
704 "fire" 670 3897091
856 "fire" 559 2500075
807 "fire" 607 2589292
422 "fire" 594 3340031
301 "fire" 1435 4974293
578 "fire" 1787 3778636
817 "fire" 603 3545631
423 "fire" 795 3593282
11 "fire" 1340 5076085
677 "fire" 1269 2795154
316 "fire" 835 4760984
631 "fire" 678 3465836
379 "fire" 1634 4754134
554 "fire" 862 3437340
181 "fire" 613 4115145
294 "fire" 1400 4935176
138 "fire" 927 4530456
623 "fire" 1541 3697934
40 "fire" 1031 5016991
46 "fire" 1189 4647737
229 "fire" 1027 4618236
815 "fire" 673 2500055
780 "fire" 925 2798674
54 "fire" 1185 4516401
195 "fire" 1004 4509327
606 "fire" 1017 3438838
396 "fire" 597 3019202
123 "fire" 1050 4390534
120 "fire" 841 4127933
437 "fire" 619 3242335
448 "fire" 779 5061752
155 "fire" 1011 4338452
302 "fire" 1100 4416049
890 "fire" 613 3236710
524 "fire" 820 3672117
626 "fire" 827 2521199
44 "fire" 690 2824642
182 "fire" 876 4328019
149 "fire" 717 2873197
421 "fire" 910 4734608
624 "fire" 1395 3392113
157 "fire" 935 2827932
382 "fire" 1230 4848535
730 "fire" 386 2129305
329 "fire" 1012 5048823
649 "fire" 1580 3756953
277 "fire" 1251 4510454
506 "fire" 420 2280882
165 "fire" 1502 4205059
669 "fire" 972 4169888
156 "fire" 556 2933652
703 "fire" 460 2124225
344 "fire" 1114 4902639
772 "fire" 1315 2352231
154 "fire" 1215 4360701
287 "fire" 904 4636599
574 "fire" 1525 4039212
841 "fire" 758 3572842
761 "fire" 1042 2764696
616 "fire" 1213 3565087
103 "fire" 1201 4788773
508 "fire" 343 2749942
26 "fire" 772 4338785
73 "fire" 652 3273786
327 "fire" 1536 4550815
870 "fire" 603 2780452
203 "fire" 2325 4472806
324 "fire" 1027 3264547
511 "fire" 407 3063958
646 "fire" 1468 2290270
383 "fire" 1366 4754648
825 "fire" 466 3779952
425 "fire" 1521 4623706
248 "fire" 1145 2647463
328 "fire" 971 4867842
570 "fire" 1925 2545168
116 "fire" 1096 4644643
225 "fire" 1715 4188329
571 "fire" 1786 4191584
391 "fire" 852 4230291
848 "fire" 1156 4528591
563 "fire" 674 2677245
894 "fire" 483 3639123
163 "fire" 1470 2785365
886 "fire" 716 3512281
243 "fire" 1776 4522801
495 "fire" 658 4501243
750 "fire" 1273 3141790
655 "fire" 937 3971287
549 "fire" 739 2589705
786 "fire" 1068 2422375
88 "fire" 1130 4592676
162 "fire" 1991 4368391
615 "fire" 1137 3462001
755 "fire" 1040 3452522
434 "fire" 1047 5243354
276 "fire" 784 2877271
785 "fire" 645 4745278
641 "fire" 1227 4287095
319 "fire" 2079 4820375
847 "fire" 745 3748726
267 "fire" 1413 4214226
822 "fire" 733 2794707
68 "fire" 571 4616161
126 "fire" 827 4392170
426 "fire" 786 4480732
480 "fire" 942 4382499
254 "fire" 1517 2661764
101 "fire" 914 3506408
711 "fire" 861 4163878
390 "fire" 730 4092493
451 "fire" 652 3415556
625 "fire" 830 2419667
53 "fire" 681 3957246
572 "fire" 1520 4839349
731 "fire" 494 2648796
505 "fire" 675 3298435
764 "fire" 2379 3116285
215 "fire" 1601 4675935
72 "fire" 774 3205791
518 "fire" 704 3945886
24 "fire" 1033 3060131
348 "fire" 801 5110848
169 "fire" 897 3890442
614 "fire" 772 3733012
788 "fire" 915 4741652
441 "fire" 853 5544096
51 "fire" 536 4105936
222 "fire" 909 4192195
714 "fire" 550 3751506
160 "fire" 1852 4482613
202 "fire" 1470 4670018
782 "fire" 755 4239273
75 "fire" 670 4579666
898 "fire" 632 2118847
360 "fire" 963 3523798
247 "fire" 1423 2520574
792 "fire" 1167 3408712
621 "fire" 1207 6504326
94 "fire" 593 3265793
852 "fire" 1220 4010576
758 "fire" 1363 2079118
496 "fire" 566 3725602
168 "fire" 1163 4065543
491 "fire" 1694 4865886
767 "fire" 983 2793752
322 "fire" 933 4958658
71 "fire" 1190 4509470
41 "fire" 950 4957463
219 "fire" 1300 2720683
353 "fire" 497 3358402
667 "fire" 483 2584894
562 "fire" 530 2568633
377 "fire" 3086 4989335
58 "fire" 532 2914617
569 "fire" 2297 2878348
823 "fire" 804 3841293
738 "fire" 465 2652019
443 "fire" 499 2969332
187 "fire" 1105 2502894
122 "fire" 683 2810253
876 "fire" 617 3425537
862 "fire" 730 3509373
424 "fire" 1445 4894003
221 "fire" 810 3107732
530 "fire" 380 2532880
19 "fire" 728 4488733
670 "fire" 1337 3718859
27 "fire" 451 4022467
86 "fire" 1319 3309795
7 "fire" 969 4655603
671 "fire" 1015 3861537
38 "fire" 749 3040015
285 "fire" 1104 4366242
326 "fire" 1196 4565233
743 "fire" 3320 3570753
272 "fire" 2234 4551867
312 "fire" 806 4693756
457 "fire" 411 2524135
827 "fire" 379 2179522
17 "fire" 1821 3260643
191 "fire" 828 2905549
339 "fire" 521 3178056
439 "fire" 930 4645945
388 "fire" 1158 3384201
367 "fire" 678 2984685
607 "fire" 1107 3398379
380 "fire" 1208 3242533
31 "fire" 1540 2921246
14 "fire" 814 4983113
528 "fire" 246 1592211
135 "fire" 597 3044464
725 "fire" 740 3883337
581 "fire" 844 1587650
234 "fire" 598 2821690
70 "fire" 920 4905867
305 "fire" 1593 4342723
132 "fire" 988 4475862
478 "fire" 967 3640602
404 "fire" 1076 3717186
627 "fire" 898 3870696
608 "fire" 1002 3340789
237 "fire" 1537 4806965
32 "fire" 1723 3980524
12 "fire" 1063 5125939
280 "fire" 999 4727916
330 "fire" 1296 4521996
781 "fire" 1188 3528852
809 "fire" 649 3731500
118 "fire" 914 5178713
431 "fire" 784 4768668
333 "fire" 1274 4951951
406 "fire" 798 4768082
622 "fire" 1343 3931684
342 "fire" 1212 5016457
308 "fire" 1250 4747688
307 "fire" 1378 5036032
630 "fire" 745 3745573
167 "fire" 1462 4128658
269 "fire" 2342 3045303
394 "fire" 838 2759293
231 "fire" 1231 4907639
264 "fire" 2018 4682356
311 "fire" 876 3143766
707 "fire" 932 3993790
144 "fire" 860 4157667
522 "fire" 1069 4289615
779 "fire" 704 2606559
173 "fire" 1163 4103950
661 "fire" 606 3003629
183 "fire" 1191 4257148
401 "fire" 793 2872294
801 "fire" 903 3161683
260 "fire" 2378 4236287
705 "fire" 733 4149974
778 "fire" 784 3409283
553 "fire" 910 4053200
460 "fire" 760 3955559
62 "fire" 1520 4643934
749 "fire" 2195 3645271
398 "fire" 898 3704711
39 "fire" 925 4415517
433 "fire" 792 4990891
900 "fire" 751 3493228
888 "fire" 531 3635953
180 "fire" 854 4218664
447 "fire" 1366 4990514
783 "fire" 669 4008272
346 "fire" 712 3880059
864 "fire" 922 2826178
887 "fire" 855 3989819
839 "fire" 451 3578765
837 "fire" 867 3672733
393 "fire" 1022 3816877
85 "fire" 1298 4459009
314 "fire" 929 4943541
769 "fire" 820 3412295
818 "fire" 681 3977862
211 "fire" 2069 4855598
36 "fire" 1626 2989276
196 "fire" 1374 4447578
585 "fire" 834 3053066
857 "fire" 633 2508775
323 "fire" 1401 5209124
29 "fire" 951 2589823
832 "fire" 660 3607100
849 "fire" 567 2777073
270 "fire" 1629 4204264
47 "fire" 930 4410375
794 "fire" 760 2544237
208 "fire" 2131 4286399
140 "fire" 906 4657102
93 "fire" 773 3210774
299 "fire" 1749 5176811
115 "fire" 708 3109516
716 "fire" 382 2348608
179 "fire" 1367 4093389
262 "fire" 1442 2863093
105 "fire" 863 4892222
871 "fire" 691 2928964
858 "fire" 714 3532834
184 "fire" 779 2394581
638 "fire" 695 3460136
850 "fire" 692 2873211
355 "fire" 710 4740512
351 "fire" 1448 4547909
499 "fire" 281 1713420
325 "fire" 1302 3428276
742 "fire" 2651 3629904
397 "fire" 589 3732190
811 "fire" 649 3853376
121 "fire" 562 2818519
109 "fire" 1375 4517584
902 "fire" 936 4170504
366 "fire" 692 2883243
106 "fire" 814 4546153
454 "fire" 677 4710088
507 "fire" 503 2403004
527 "fire" 343 1602542
759 "fire" 1123 2257032
365 "fire" 1540 3755213
411 "fire" 564 4827397
502 "fire" 624 3306520
246 "fire" 1214 4284502
787 "fire" 840 2719693
855 "fire" 751 3196438
376 "fire" 2777 4858521
82 "fire" 1000 4563599
668 "fire" 919 3138222
74 "fire" 612 4590027
445 "fire" 1060 4462366
647 "fire" 1613 2488705
141 "fire" 671 4118444
318 "fire" 1621 3614367
573 "fire" 1059 4107353
532 "fire" 732 2891624
145 "fire" 926 4233929
77 "fire" 1221 4765974
735 "fire" 488 3848849
820 "fire" 545 3497814
712 "fire" 720 3862094
753 "fire" 1895 3458788
186 "fire" 792 3154334
814 "fire" 670 2628729
432 "fire" 809 4661745
838 "fire" 514 3793223
722 "fire" 894 3325505
482 "fire" 888 4762025
356 "fire" 822 5295321
130 "fire" 1121 4412446
206 "fire" 1246 2888034
129 "fire" 857 3064909
178 "fire" 732 2610171
124 "fire" 1022 4283442
889 "fire" 825 3561997
879 "fire" 1192 3748860
15 "fire" 1152 4426033
258 "fire" 1655 4730675
350 "fire" 851 4879990
672 "fire" 774 3760804
770 "fire" 835 3448218
374 "fire" 3520 3495650
409 "fire" 782 3425044
654 "fire" 718 3507207
521 "fire" 1026 3315216
230 "fire" 759 4674531
306 "fire" 1939 4733738
840 "fire" 773 3992477
42 "fire" 1020 4713087
746 "fire" 1897 4070967
895 "fire" 746 3582404
582 "fire" 798 2267064
102 "fire" 1321 4670117
245 "fire" 2361 4604176
1 "fire" 1065 3977379
777 "fire" 952 4179004
244 "fire" 2381 5238016
592 "fire" 1652 3288102
69 "fire" 784 4800713
410 "fire" 856 4974240
371 "fire" 1456 4716133
151 "fire" 974 4211602
292 "fire" 1270 4671230
273 "fire" 1253 5180176
819 "fire" 701 3743061
474 "fire" 910 4772486
824 "fire" 514 3513604
37 "fire" 835 2676643
475 "fire" 1155 5266128
405 "fire" 1020 5990487
125 "fire" 675 4407365
337 "fire" 1111 4784178
218 "fire" 915 4247817
452 "fire" 794 4092466
557 "fire" 1218 3804116
227 "fire" 1696 3162062
87 "fire" 1251 3367307
740 "fire" 1659 3779247
488 "fire" 1245 5774999
347 "fire" 1051 4936210
407 "fire" 794 4433504
236 "fire" 1259 4659315
298 "fire" 1536 5213756
831 "fire" 545 4197644
486 "fire" 816 3015765
748 "fire" 1277 3473604
657 "fire" 778 3509256
620 "fire" 1131 3455651
92 "fire" 1443 4439092
176 "fire" 1173 3797442
438 "fire" 957 4625346
587 "fire" 1801 3427697
373 "fire" 2726 3034916
803 "fire" 594 4482325
516 "fire" 684 4272762
194 "fire" 678 4353917
59 "fire" 531 2952855
128 "fire" 606 3090039
349 "fire" 930 5658955
588 "fire" 1011 3241428
591 "fire" 1984 2094450
673 "fire" 543 3501594
119 "fire" 1172 4975726
709 "fire" 488 2276024
265 "fire" 2866 4662510
320 "fire" 1404 4819758
4 "fire" 771 4598314
354 "fire" 1306 4517991
640 "fire" 821 2738239
127 "fire" 697 4429584
517 "fire" 843 4117419
763 "fire" 1152 3016262
674 "fire" 466 2308675
429 "fire" 727 3391583
190 "fire" 1153 4190744
766 "fire" 1080 2706757
547 "fire" 488 3452037
795 "fire" 953 3050247
23 "fire" 627 3104519
844 "fire" 932 3976677
266 "fire" 2107 4504603
846 "fire" 602 3647099
719 "fire" 583 3829848
9 "fire" 872 3442642
61 "fire" 539 4472190
338 "fire" 868 3225806
473 "fire" 901 4628982
734 "fire" 515 3668529
381 "fire" 1168 3397945
261 "fire" 1117 3037220
466 "fire" 630 4018333
543 "fire" 457 3309702
577 "fire" 1502 2365385
791 "fire" 939 3848784
816 "fire" 773 3198922
66 "fire" 1000 3407641
724 "fire" 562 2666180
456 "fire" 801 4207180
775 "fire" 1122 3488226
286 "fire" 645 5970027
418 "fire" 828 5022691
317 "fire" 981 3337467
583 "fire" 985 2182447
610 "fire" 1063 3150003
413 "fire" 1300 4835228
548 "fire" 333 2498036
284 "fire" 1258 3510063
283 "fire" 711 2896851
185 "fire" 941 2469661
720 "fire" 1022 3955190
662 "fire" 526 3810706
604 "fire" 852 2151777
881 "fire" 823 3773393
341 "fire" 1070 4596265
95 "fire" 998 5010247
471 "fire" 643 2636740
611 "fire" 796 2155865
853 "fire" 818 3908925
737 "fire" 598 2311910
197 "fire" 671 4212269
364 "fire" 1363 3521749
108 "fire" 710 3262193
515 "fire" 696 3263621
5 "fire" 885 5046683
651 "fire" 1306 3886051
541 "fire" 292 1766108
774 "fire" 1250 3497493
872 "fire" 899 4280880
392 "fire" 1191 4182275
560 "fire" 832 3764808
806 "fire" 480 3856005
568 "fire" 3180 3689447
805 "fire" 504 3878173
605 "fire" 1013 2241681
79 "fire" 899 3272864
114 "fire" 702 3226592
25 "fire" 1066 4272018
656 "fire" 634 4079720
885 "fire" 577 2491932
112 "fire" 1090 4929045
534 "fire" 321 1744791
519 "fire" 294 3051908
198 "fire" 506 2829389
793 "fire" 562 2169085
358 "fire" 1320 4808290
586 "fire" 655 2386224
450 "fire" 1020 3243099
594 "fire" 872 3768106
833 "fire" 512 4188634
535 "fire" 429 1935800
808 "fire" 633 2818842
739 "fire" 748 3819985
76 "fire" 837 4642391
361 "fire" 1448 4569387
34 "fire" 1109 3922416
760 "fire" 968 2282399
462 "fire" 432 4071318
558 "fire" 1135 4078849
784 "fire" 641 4460964
487 "fire" 1363 4713557
336 "fire" 1039 4720409
146 "fire" 854 4553717
18 "fire" 1480 4672470
233 "fire" 878 3110556
385 "fire" 1384 4983996
357 "fire" 696 4918529
676 "fire" 1914 3659314
877 "fire" 476 2350353
228 "fire" 1749 4558248
650 "fire" 1270 3798686
642 "fire" 1231 4469630
903 "fire" 417 1881414
659 "fire" 752 3254058
331 "fire" 973 3108545
435 "fire" 1282 4664740
861 "fire" 791 4209617
899 "fire" 515 2347861
603 "fire" 1671 3245826
235 "fire" 900 4563478
618 "fire" 511 2196922
164 "fire" 1231 2804627
834 "fire" 461 3111202
826 "fire" 655 3582383
107 "fire" 691 3156203
200 "fire" 1440 4830687
576 "fire" 1338 2390399
402 "fire" 1046 2768717
504 "fire" 497 3101793
224 "fire" 919 4364134
368 "fire" 1379 4658062
465 "fire" 655 2492801
419 "fire" 998 4638588
35 "fire" 1824 3763797
436 "fire" 669 3158734
193 "fire" 1091 4184456
634 "fire" 867 3612311
253 "fire" 1157 4322091
28 "fire" 1024 3495218
289 "fire" 1171 3068603
613 "fire" 744 3313455
652 "fire" 496 3369545
601 "fire" 1363 3508454
64 "fire" 734 4652154
158 "fire" 1396 4259362
150 "fire" 1051 2931452
295 "fire" 1221 4658950
21 "fire" 712 4711172
875 "fire" 692 3796714
540 "fire" 657 2637437
104 "fire" 1036 4960805
619 "fire" 806 2190947
412 "fire" 633 4962464
45 "fire" 611 3098186
579 "fire" 1534 3797764
552 "fire" 776 3629845
884 "fire" 626 2767779
440 "fire" 1329 4644599
472 "fire" 833 2709479
372 "fire" 1385 4553643
378 "fire" 3361 5131435
756 "fire" 1416 3330845
428 "fire" 959 4331477
561 "fire" 476 3774160
851 "fire" 1211 4270475
575 "fire" 1762 4051323
226 "fire" 1209 3101763
648 "fire" 1433 3125278
212 "fire" 1186 3547478
96 "fire" 1027 5814512
189 "fire" 835 4452639
293 "fire" 1487 4970309
544 "fire" 842 3917380
453 "fire" 927 4491552
843 "fire" 1156 2773757
395 "fire" 564 2415059
313 "fire" 915 4603617
417 "fire" 1079 4187171
48 "fire" 882 4571611
84 "fire" 991 4469528
736 "fire" 939 3426439
663 "fire" 1013 3682994
110 "fire" 1012 4836937
239 "fire" 907 4316496
340 "fire" 1100 4879249
732 "fire" 544 3839986
207 "fire" 1864 4536127
867 "fire" 965 3734761
415 "fire" 480 2987013
297 "fire" 1018 3326548
345 "fire" 659 3198641
175 "fire" 861 4356162
744 "fire" 1748 2468383
765 "fire" 1163 2251746
205 "fire" 1376 3023096
728 "fire" 360 2582752
223 "fire" 990 4293734
752 "fire" 1032 2712593
550 "fire" 465 3000934
710 "fire" 574 2906571
559 "fire" 804 3872458
117 "fire" 1210 4904732
52 "fire" 617 3254574
166 "fire" 741 4268364
99 "fire" 1363 4704661
210 "fire" 1295 4606994
745 "fire" 1642 2807844
174 "fire" 1012 4497408
281 "fire" 922 4286243
16 "fire" 982 3290019
617 "fire" 1412 3280575
892 "fire" 496 2243183
111 "fire" 1127 4776397
241 "fire" 2510 3091886
489 "fire" 931 5281561
3 "fire" 742 3320550
635 "fire" 848 3541012
533 "fire" 645 2962443
470 "fire" 550 3617986
666 "fire" 582 3538706
232 "fire" 1194 4371863
878 "fire" 896 2272961
590 "fire" 1615 2089384
866 "fire" 817 3250006
644 "fire" 1263 3773650
718 "fire" 541 3768056
523 "fire" 658 3539852
476 "fire" 1135 5221121
717 "fire" 520 2845251
771 "fire" 1151 3279431
113 "fire" 780 4463862
773 "fire" 1167 2565723
776 "fire" 816 3569212
216 "fire" 2151 4568343
131 "fire" 881 4574849
464 "fire" 456 2294458
513 "fire" 382 1610629
595 "fire" 468 3777327
873 "fire" 767 3970924
628 "fire" 856 3746928
255 "fire" 597 2915126
304 "fire" 1022 3183445
664 "fire" 534 3448940
142 "fire" 533 2610942
658 "fire" 1486 3662279
715 "fire" 474 3645201
252 "fire" 1596 4609535
300 "fire" 1448 5167343
556 "fire" 576 2537500
148 "fire" 938 4502496
442 "fire" 1228 4203058
468 "fire" 983 4086746
171 "fire" 910 2570010
60 "fire" 850 4413146
20 "fire" 718 4710355
275 "fire" 572 2720440
13 "fire" 823 5163213
91 "fire" 1211 4859976
503 "fire" 686 3604625
22 "fire" 924 4481679
896 "fire" 834 3698130
80 "fire" 763 3195094
369 "fire" 2331 4774040
279 "fire" 933 4730333
835 "fire" 377 2198902
310 "fire" 1094 3158000
675 "fire" 609 3030161
727 "fire" 675 3412323
729 "fire" 490 2637364
375 "fire" 2950 4803900
57 "fire" 511 3922006
427 "fire" 962 4937024
836 "fire" 374 2387619
263 "fire" 2459 4402749
65 "fire" 647 3281718
555 "fire" 539 2374703
479 "fire" 865 3152739
251 "fire" 2196 4540717
250 "fire" 2118 4496626
612 "fire" 904 2215055
152 "fire" 1185 4525225
510 "fire" 279 2625026
359 "fire" 899 3089523
455 "fire" 766 4615643
526 "fire" 500 2543410
213 "fire" 1364 3183096
296 "fire" 1150 3056471
564 "fire" 689 3969317
762 "fire" 793 2966030
256 "fire" 1495 4422591
414 "fire" 840 4538673
498 "fire" 306 2782958
514 "fire" 756 2062801
891 "fire" 428 2104281
133 "fire" 939 4491081
43 "fire" 1120 4336214
477 "fire" 1904 5381232
500 "fire" 372 1989637
520 "fire" 712 3202814
83 "fire" 851 4501659
321 "fire" 1018 4894242
209 "fire" 1332 4646267
403 "fire" 110 323755
768 "fire" 1391 3568876
868 "fire" 864 3900189
593 "fire" 1145 3367380
501 "fire" 469 2833178
598 "fire" 1284 1966927
201 "fire" 1592 4753982
2 "fire" 837 2989580
636 "fire" 869 3630893
315 "fire" 1057 5000514
484 "fire" 910 4454840
706 "fire" 567 3989821
639 "fire" 690 2466350
897 "fire" 751 3375196
139 "fire" 702 4445784
812 "fire" 1094 3850987
220 "fire" 1370 2686696
449 "fire" 762 4603270
869 "fire" 903 3936213
420 "fire" 1009 5162404
282 "fire" 590 2932588
257 "fire" 1456 4723534
830 "fire" 277 2618928
56 "fire" 568 4302053
78 "fire" 1125 4128740
539 "fire" 481 2674867
50 "fire" 737 4669996
580 "fire" 895 2515613
170 "fire" 784 2550442
860 "fire" 853 3453180
240 "fire" 1620 3072054
134 "fire" 1338 4295688
492 "fire" 1655 3479341
49 "fire" 949 4696779
751 "fire" 1084 3049932
854 "fire" 671 3733281
389 "fire" 1130 4578804
430 "fire" 601 3551713
90 "fire" 1242 4627667
589 "fire" 1367 3242967
497 "fire" 444 3628432
633 "fire" 1008 2447718
446 "fire" 755 5245562
384 "fire" 1134 5366107
153 "fire" 612 4522341
713 "fire" 592 3947456
789 "fire" 715 3912056
599 "fire" 1218 3712119
512 "fire" 525 2695902
362 "fire" 947 4586531
804 "fire" 536 4726883
821 "fire" 367 2314979
188 "fire" 647 3358609
67 "fire" 846 4632475
161 "fire" 2408 4498393
309 "fire" 1020 4626876
597 "fire" 1525 2140766
859 "fire" 601 3676591
271 "fire" 1808 4185168
249 "fire" 2117 4215929
332 "fire" 866 3064726
303 "fire" 888 2997988
567 "fire" 3751 3932623
802 "fire" 870 4382679
874 "fire" 1064 3729822
416 "fire" 436 3154516
177 "fire" 686 2407407
757 "fire" 920 2809841
629 "fire" 636 4210102
865 "fire" 844 3981668
637 "fire" 573 3718902
632 "fire" 703 2394198
545 "fire" 823 4179753
602 "fire" 1786 3723142
192 "fire" 2428 2749326
143 "fire" 714 2633443
136 "fire" 1297 3079235
278 "fire" 1056 4705093
733 "fire" 497 3493488
845 "fire" 519 3452729
901 "fire" 885 3754529
291 "fire" 2018 4339309
204 "fire" 3101 4270522
467 "fire" 1043 3887172
863 "fire" 714 2427217
444 "fire" 937 3156869
665 "fire" 736 3731409
509 "fire" 265 2770367
238 "fire" 851 4800688
531 "fire" 475 2386348
653 "fire" 562 2821517
551 "fire" 529 3745193
490 "fire" 1177 5482872
217 "fire" 1199 4603440
525 "fire" 443 2934020
259 "fire" 2026 4612186
880 "fire" 968 3783106
370 "fire" 1618 5120116
566 "fire" 4567 4265485
537 "fire" 641 2880973
10 "fire" 881 3950986
643 "fire" 976 4132571
214 "fire" 1677 4477315
399 "fire" 927 3749145
485 "fire" 943 3011371
546 "fire" 634 4006408
469 "fire" 1163 4144165
463 "fire" 649 3789249
660 "fire" 434 2251804
542 "fire" 277 1830874
494 "fire" 1180 4830149
172 "fire" 1060 4040589
726 "fire" 846 3420679
538 "fire" 756 2788934
97 "fire" 776 4878721
461 "fire" 598 4083850
63 "fire" 831 4596459
81 "fire" 1403 3879827
98 "fire" 1339 4908066
6 "fire" 985 4742773
8 "fire" 960 4486722
842 "fire" 804 2780476
893 "fire" 611 3424569
0 "fire" 156 660268
89 "fire" 1421 4670402
741 "fire" 2697 4437240
596 "fire" 842 3264638
600 "fire" 1094 3609342
747 "fire" 1781 4162044
147 "fire" 1071 4693353
645 "fire" 1173 3748481
708 "fire" 680 4026620
458 "fire" 540 2764407
481 "fire" 1160 4775236
100 "fire" 1154 3258156
408 "fire" 850 3003359
721 "fire" 982 3515300
343 "fire" 1123 4811329
529 "fire" 359 2423554
536 "fire" 630 2854620
800 "fire" 268 1478259
159 "fire" 1222 4693229
483 "fire" 1301 4986413
790 "fire" 819 3965176
813 "fire" 694 3686896
199 "fire" 1063 3009781
363 "fire" 890 4615436
810 "fire" 581 3718545
400 "fire" 1035 3834045
274 "fire" 818 4517075
137 "fire" 1218 4376274
565 "fire" 1124 4150408
882 "fire" 731 3927738
335 "fire" 829 5255320
754 "fire" 1474 3327467
30 "fire" 2296 3200741
352 "fire" 612 3051995
387 "fire" 1152 3136514
386 "fire" 1647 4415622
33 "fire" 1036 3960114
288 "fire" 1147 4298177
584 "fire" 1178 1947317
609 "fire" 1405 3671693
334 "fire" 860 5311661
290 "fire" 1271 3246816
459 "fire" 858 3898257
242 "fire" 1728 4412038
268 "fire" 1702 2885698
493 "fire" 1299 3701967
723 "fire" 463 2671735
55 "fire" 782 4346280
