883 "mexico" 704 6623969
704 "mexico" 142 3897091
856 "mexico" 221 2500075
807 "mexico" 268 2589292
422 "mexico" 869 3340031
301 "mexico" 316 4974293
578 "mexico" 393 3778636
817 "mexico" 196 3545631
423 "mexico" 745 3593282
11 "mexico" 269 5076085
677 "mexico" 179 2795154
316 "mexico" 240 4760984
631 "mexico" 171 3465836
379 "mexico" 458 4754134
554 "mexico" 243 3437340
181 "mexico" 650 4115145
294 "mexico" 553 4935176
138 "mexico" 198 4530456
623 "mexico" 436 3697934
40 "mexico" 559 5016991
46 "mexico" 864 4647737
229 "mexico" 238 4618236
815 "mexico" 1473 2500055
780 "mexico" 250 2798674
54 "mexico" 410 4516401
195 "mexico" 595 4509327
606 "mexico" 343 3438838
396 "mexico" 215 3019202
123 "mexico" 419 4390534
120 "mexico" 256 4127933
437 "mexico" 614 3242335
448 "mexico" 784 5061752
155 "mexico" 284 4338452
302 "mexico" 194 4416049
890 "mexico" 425 3236710
524 "mexico" 604 3672117
626 "mexico" 408 2521199
44 "mexico" 888 2824642
182 "mexico" 441 4328019
149 "mexico" 151 2873197
421 "mexico" 1757 4734608
624 "mexico" 142 3392113
157 "mexico" 257 2827932
382 "mexico" 307 4848535
730 "mexico" 171 2129305
329 "mexico" 581 5048823
649 "mexico" 768 3756953
277 "mexico" 569 4510454
506 "mexico" 286 2280882
165 "mexico" 544 4205059
669 "mexico" 562 4169888
156 "mexico" 162 2933652
703 "mexico" 128 2124225
344 "mexico" 409 4902639
772 "mexico" 428 2352231
154 "mexico" 284 4360701
287 "mexico" 472 4636599
574 "mexico" 800 4039212
841 "mexico" 677 3572842
761 "mexico" 212 2764696
616 "mexico" 943 3565087
103 "mexico" 386 4788773
508 "mexico" 284 2749942
26 "mexico" 292 4338785
73 "mexico" 274 3273786
327 "mexico" 654 4550815
870 "mexico" 303 2780452
203 "mexico" 468 4472806
324 "mexico" 193 3264547
511 "mexico" 314 3063958
646 "mexico" 528 2290270
383 "mexico" 338 4754648
825 "mexico" 376 3779952
425 "mexico" 1261 4623706
248 "mexico" 98 2647463
328 "mexico" 427 4867842
570 "mexico" 425 2545168
116 "mexico" 370 4644643
225 "mexico" 139 4188329
571 "mexico" 477 4191584
391 "mexico" 976 4230291
848 "mexico" 1819 4528591
563 "mexico" 587 2677245
894 "mexico" 188 3639123
163 "mexico" 511 2785365
886 "mexico" 499 3512281
243 "mexico" 305 4522801
495 "mexico" 861 4501243
750 "mexico" 168 3141790
655 "mexico" 764 3971287
549 "mexico" 199 2589705
786 "mexico" 270 2422375
88 "mexico" 386 4592676
162 "mexico" 322 4368391
615 "mexico" 345 3462001
755 "mexico" 378 3452522
434 "mexico" 1232 5243354
276 "mexico" 363 2877271
785 "mexico" 450 4745278
641 "mexico" 952 4287095
319 "mexico" 236 4820375
847 "mexico" 620 3748726
267 "mexico" 451 4214226
822 "mexico" 350 2794707
68 "mexico" 510 4616161
126 "mexico" 234 4392170
426 "mexico" 1829 4480732
480 "mexico" 740 4382499
254 "mexico" 352 2661764
101 "mexico" 255 3506408
711 "mexico" 380 4163878
390 "mexico" 698 4092493
451 "mexico" 599 3415556
625 "mexico" 175 2419667
53 "mexico" 250 3957246
572 "mexico" 785 4839349
731 "mexico" 243 2648796
505 "mexico" 398 3298435
764 "mexico" 378 3116285
215 "mexico" 534 4675935
72 "mexico" 193 3205791
518 "mexico" 1019 3945886
24 "mexico" 351 3060131
348 "mexico" 653 5110848
169 "mexico" 285 3890442
614 "mexico" 404 3733012
788 "mexico" 611 4741652
441 "mexico" 980 5544096
51 "mexico" 208 4105936
222 "mexico" 172 4192195
714 "mexico" 291 3751506
160 "mexico" 647 4482613
202 "mexico" 394 4670018
782 "mexico" 494 4239273
75 "mexico" 372 4579666
898 "mexico" 203 2118847
360 "mexico" 679 3523798
247 "mexico" 129 2520574
792 "mexico" 359 3408712
621 "mexico" 344 6504326
94 "mexico" 356 3265793
852 "mexico" 412 4010576
758 "mexico" 183 2079118
496 "mexico" 788 3725602
168 "mexico" 281 4065543
491 "mexico" 1032 4865886
767 "mexico" 197 2793752
322 "mexico" 253 4958658
71 "mexico" 659 4509470
41 "mexico" 364 4957463
219 "mexico" 146 2720683
353 "mexico" 646 3358402
667 "mexico" 1047 2584894
562 "mexico" 645 2568633
377 "mexico" 465 4989335
58 "mexico" 160 2914617
569 "mexico" 279 2878348
823 "mexico" 232 3841293
738 "mexico" 355 2652019
443 "mexico" 782 2969332
187 "mexico" 158 2502894
122 "mexico" 560 2810253
876 "mexico" 366 3425537
862 "mexico" 1125 3509373
424 "mexico" 1302 4894003
221 "mexico" 188 3107732
530 "mexico" 194 2532880
19 "mexico" 395 4488733
670 "mexico" 546 3718859
27 "mexico" 338 4022467
86 "mexico" 590 3309795
7 "mexico" 205 4655603
671 "mexico" 442 3861537
38 "mexico" 466 3040015
285 "mexico" 977 4366242
326 "mexico" 240 4565233
743 "mexico" 471 3570753
272 "mexico" 345 4551867
312 "mexico" 267 4693756
457 "mexico" 389 2524135
827 "mexico" 381 2179522
17 "mexico" 150 3260643
191 "mexico" 379 2905549
339 "mexico" 557 3178056
439 "mexico" 500 4645945
388 "mexico" 188 3384201
367 "mexico" 290 2984685
607 "mexico" 257 3398379
380 "mexico" 288 3242533
31 "mexico" 301 2921246
14 "mexico" 386 4983113
528 "mexico" 130 1592211
135 "mexico" 406 3044464
725 "mexico" 747 3883337
581 "mexico" 271 1587650
234 "mexico" 141 2821690
70 "mexico" 369 4905867
305 "mexico" 697 4342723
132 "mexico" 485 4475862
478 "mexico" 859 3640602
404 "mexico" 1426 3717186
627 "mexico" 564 3870696
608 "mexico" 388 3340789
237 "mexico" 281 4806965
32 "mexico" 529 3980524
12 "mexico" 256 5125939
280 "mexico" 1737 4727916
330 "mexico" 369 4521996
781 "mexico" 505 3528852
809 "mexico" 249 3731500
118 "mexico" 430 5178713
431 "mexico" 960 4768668
333 "mexico" 287 4951951
406 "mexico" 1281 4768082
622 "mexico" 636 3931684
342 "mexico" 612 5016457
308 "mexico" 463 4747688
307 "mexico" 540 5036032
630 "mexico" 206 3745573
167 "mexico" 353 4128658
269 "mexico" 394 3045303
394 "mexico" 141 2759293
231 "mexico" 143 4907639
264 "mexico" 521 4682356
311 "mexico" 235 3143766
707 "mexico" 304 3993790
144 "mexico" 210 4157667
522 "mexico" 829 4289615
779 "mexico" 441 2606559
173 "mexico" 371 4103950
661 "mexico" 319 3003629
183 "mexico" 332 4257148
401 "mexico" 239 2872294
801 "mexico" 287 3161683
260 "mexico" 252 4236287
705 "mexico" 316 4149974
778 "mexico" 652 3409283
553 "mexico" 342 4053200
460 "mexico" 482 3955559
62 "mexico" 352 4643934
749 "mexico" 192 3645271
398 "mexico" 491 3704711
39 "mexico" 488 4415517
433 "mexico" 1288 4990891
900 "mexico" 265 3493228
888 "mexico" 364 3635953
180 "mexico" 304 4218664
447 "mexico" 453 4990514
783 "mexico" 433 4008272
346 "mexico" 599 3880059
864 "mexico" 503 2826178
887 "mexico" 581 3989819
839 "mexico" 610 3578765
837 "mexico" 532 3672733
393 "mexico" 283 3816877
85 "mexico" 729 4459009
314 "mexico" 335 4943541
769 "mexico" 208 3412295
818 "mexico" 308 3977862
211 "mexico" 223 4855598
36 "mexico" 338 2989276
196 "mexico" 1061 4447578
585 "mexico" 255 3053066
857 "mexico" 497 2508775
323 "mexico" 300 5209124
29 "mexico" 219 2589823
832 "mexico" 416 3607100
849 "mexico" 685 2777073
270 "mexico" 354 4204264
47 "mexico" 720 4410375
794 "mexico" 360 2544237
208 "mexico" 915 4286399
140 "mexico" 393 4657102
93 "mexico" 343 3210774
299 "mexico" 501 5176811
115 "mexico" 327 3109516
716 "mexico" 224 2348608
179 "mexico" 279 4093389
262 "mexico" 191 2863093
105 "mexico" 324 4892222
871 "mexico" 401 2928964
858 "mexico" 1058 3532834
184 "mexico" 315 2394581
638 "mexico" 449 3460136
850 "mexico" 588 2873211
355 "mexico" 880 4740512
351 "mexico" 1325 4547909
499 "mexico" 135 1713420
325 "mexico" 124 3428276
742 "mexico" 338 3629904
397 "mexico" 407 3732190
811 "mexico" 117 3853376
121 "mexico" 208 2818519
109 "mexico" 253 4517584
902 "mexico" 437 4170504
366 "mexico" 421 2883243
106 "mexico" 354 4546153
454 "mexico" 1614 4710088
507 "mexico" 403 2403004
527 "mexico" 152 1602542
759 "mexico" 96 2257032
365 "mexico" 501 3755213
411 "mexico" 768 4827397
502 "mexico" 524 3306520
246 "mexico" 186 4284502
787 "mexico" 692 2719693
855 "mexico" 470 3196438
376 "mexico" 525 4858521
82 "mexico" 739 4563599
668 "mexico" 795 3138222
74 "mexico" 351 4590027
445 "mexico" 1177 4462366
647 "mexico" 445 2488705
141 "mexico" 254 4118444
318 "mexico" 205 3614367
573 "mexico" 872 4107353
532 "mexico" 253 2891624
145 "mexico" 342 4233929
77 "mexico" 1037 4765974
735 "mexico" 376 3848849
820 "mexico" 260 3497814
712 "mexico" 367 3862094
753 "mexico" 197 3458788
186 "mexico" 610 3154334
814 "mexico" 461 2628729
432 "mexico" 940 4661745
838 "mexico" 490 3793223
722 "mexico" 216 3325505
482 "mexico" 734 4762025
356 "mexico" 1031 5295321
130 "mexico" 264 4412446
206 "mexico" 754 2888034
129 "mexico" 174 3064909
178 "mexico" 291 2610171
124 "mexico" 201 4283442
889 "mexico" 405 3561997
879 "mexico" 669 3748860
15 "mexico" 266 4426033
258 "mexico" 374 4730675
350 "mexico" 1362 4879990
672 "mexico" 395 3760804
770 "mexico" 456 3448218
374 "mexico" 617 3495650
409 "mexico" 857 3425044
654 "mexico" 963 3507207
521 "mexico" 643 3315216
230 "mexico" 219 4674531
306 "mexico" 885 4733738
840 "mexico" 1079 3992477
42 "mexico" 557 4713087
746 "mexico" 274 4070967
895 "mexico" 232 3582404
582 "mexico" 262 2267064
102 "mexico" 358 4670117
245 "mexico" 245 4604176
1 "mexico" 187 3977379
777 "mexico" 1242 4179004
244 "mexico" 301 5238016
592 "mexico" 489 3288102
69 "mexico" 232 4800713
410 "mexico" 970 4974240
371 "mexico" 801 4716133
151 "mexico" 613 4211602
292 "mexico" 204 4671230
273 "mexico" 455 5180176
819 "mexico" 446 3743061
474 "mexico" 678 4772486
824 "mexico" 236 3513604
37 "mexico" 521 2676643
475 "mexico" 604 5266128
405 "mexico" 1139 5990487
125 "mexico" 344 4407365
337 "mexico" 272 4784178
218 "mexico" 280 4247817
452 "mexico" 509 4092466
557 "mexico" 689 3804116
227 "mexico" 219 3162062
87 "mexico" 261 3367307
740 "mexico" 983 3779247
488 "mexico" 908 5774999
347 "mexico" 670 4936210
407 "mexico" 2060 4433504
236 "mexico" 296 4659315
298 "mexico" 395 5213756
831 "mexico" 842 4197644
486 "mexico" 464 3015765
748 "mexico" 277 3473604
657 "mexico" 456 3509256
620 "mexico" 323 3455651
92 "mexico" 583 4439092
176 "mexico" 490 3797442
438 "mexico" 695 4625346
587 "mexico" 399 3427697
373 "mexico" 480 3034916
803 "mexico" 390 4482325
516 "mexico" 968 4272762
194 "mexico" 650 4353917
59 "mexico" 171 2952855
128 "mexico" 244 3090039
349 "mexico" 2310 5658955
588 "mexico" 314 3241428
591 "mexico" 154 2094450
673 "mexico" 317 3501594
119 "mexico" 356 4975726
709 "mexico" 230 2276024
265 "mexico" 318 4662510
320 "mexico" 393 4819758
4 "mexico" 456 4598314
354 "mexico" 748 4517991
640 "mexico" 691 2738239
127 "mexico" 228 4429584
517 "mexico" 894 4117419
763 "mexico" 342 3016262
674 "mexico" 225 2308675
429 "mexico" 1706 3391583
190 "mexico" 608 4190744
766 "mexico" 344 2706757
547 "mexico" 188 3452037
795 "mexico" 231 3050247
23 "mexico" 559 3104519
844 "mexico" 1322 3976677
266 "mexico" 461 4504603
846 "mexico" 356 3647099
719 "mexico" 421 3829848
9 "mexico" 269 3442642
61 "mexico" 322 4472190
338 "mexico" 318 3225806
473 "mexico" 752 4628982
734 "mexico" 189 3668529
381 "mexico" 290 3397945
261 "mexico" 253 3037220
466 "mexico" 470 4018333
543 "mexico" 178 3309702
577 "mexico" 217 2365385
791 "mexico" 285 3848784
816 "mexico" 207 3198922
66 "mexico" 396 3407641
724 "mexico" 874 2666180
456 "mexico" 1025 4207180
775 "mexico" 309 3488226
286 "mexico" 1218 5970027
418 "mexico" 974 5022691
317 "mexico" 185 3337467
583 "mexico" 172 2182447
610 "mexico" 275 3150003
413 "mexico" 976 4835228
548 "mexico" 107 2498036
284 "mexico" 688 3510063
283 "mexico" 366 2896851
185 "mexico" 392 2469661
720 "mexico" 626 3955190
662 "mexico" 354 3810706
604 "mexico" 215 2151777
881 "mexico" 339 3773393
341 "mexico" 457 4596265
95 "mexico" 387 5010247
471 "mexico" 296 2636740
611 "mexico" 177 2155865
853 "mexico" 564 3908925
737 "mexico" 223 2311910
197 "mexico" 784 4212269
364 "mexico" 416 3521749
108 "mexico" 258 3262193
515 "mexico" 851 3263621
5 "mexico" 382 5046683
651 "mexico" 527 3886051
541 "mexico" 78 1766108
774 "mexico" 416 3497493
872 "mexico" 306 4280880
392 "mexico" 390 4182275
560 "mexico" 355 3764808
806 "mexico" 500 3856005
568 "mexico" 421 3689447
805 "mexico" 410 3878173
605 "mexico" 249 2241681
79 "mexico" 1521 3272864
114 "mexico" 438 3226592
25 "mexico" 224 4272018
656 "mexico" 484 4079720
885 "mexico" 353 2491932
112 "mexico" 490 4929045
534 "mexico" 224 1744791
519 "mexico" 437 3051908
198 "mexico" 341 2829389
793 "mexico" 260 2169085
358 "mexico" 1083 4808290
586 "mexico" 186 2386224
450 "mexico" 502 3243099
594 "mexico" 274 3768106
833 "mexico" 1026 4188634
535 "mexico" 82 1935800
808 "mexico" 152 2818842
739 "mexico" 490 3819985
76 "mexico" 385 4642391
361 "mexico" 979 4569387
34 "mexico" 733 3922416
760 "mexico" 187 2282399
462 "mexico" 532 4071318
558 "mexico" 623 4078849
784 "mexico" 618 4460964
487 "mexico" 686 4713557
336 "mexico" 238 4720409
146 "mexico" 394 4553717
18 "mexico" 414 4672470
233 "mexico" 232 3110556
385 "mexico" 493 4983996
357 "mexico" 784 4918529
676 "mexico" 301 3659314
877 "mexico" 239 2350353
228 "mexico" 256 4558248
650 "mexico" 579 3798686
642 "mexico" 619 4469630
903 "mexico" 221 1881414
659 "mexico" 391 3254058
331 "mexico" 208 3108545
435 "mexico" 867 4664740
861 "mexico" 1343 4209617
899 "mexico" 161 2347861
603 "mexico" 720 3245826
235 "mexico" 285 4563478
618 "mexico" 369 2196922
164 "mexico" 410 2804627
834 "mexico" 462 3111202
826 "mexico" 413 3582383
107 "mexico" 387 3156203
200 "mexico" 450 4830687
576 "mexico" 327 2390399
402 "mexico" 183 2768717
504 "mexico" 349 3101793
224 "mexico" 225 4364134
368 "mexico" 334 4658062
465 "mexico" 275 2492801
419 "mexico" 635 4638588
35 "mexico" 828 3763797
436 "mexico" 487 3158734
193 "mexico" 914 4184456
634 "mexico" 285 3612311
253 "mexico" 408 4322091
28 "mexico" 249 3495218
289 "mexico" 186 3068603
613 "mexico" 247 3313455
652 "mexico" 1180 3369545
601 "mexico" 436 3508454
64 "mexico" 935 4652154
158 "mexico" 287 4259362
150 "mexico" 178 2931452
295 "mexico" 480 4658950
21 "mexico" 518 4711172
875 "mexico" 349 3796714
540 "mexico" 306 2637437
104 "mexico" 305 4960805
619 "mexico" 332 2190947
412 "mexico" 1048 4962464
45 "mexico" 804 3098186
579 "mexico" 660 3797764
552 "mexico" 199 3629845
884 "mexico" 458 2767779
440 "mexico" 492 4644599
472 "mexico" 411 2709479
372 "mexico" 607 4553643
378 "mexico" 641 5131435
756 "mexico" 386 3330845
428 "mexico" 3669 4331477
561 "mexico" 549 3774160
851 "mexico" 501 4270475
575 "mexico" 488 4051323
226 "mexico" 182 3101763
648 "mexico" 634 3125278
212 "mexico" 241 3547478
96 "mexico" 720 5814512
189 "mexico" 589 4452639
293 "mexico" 571 4970309
544 "mexico" 331 3917380
453 "mexico" 1115 4491552
843 "mexico" 846 2773757
395 "mexico" 204 2415059
313 "mexico" 295 4603617
417 "mexico" 882 4187171
48 "mexico" 414 4571611
84 "mexico" 1087 4469528
736 "mexico" 319 3426439
663 "mexico" 936 3682994
110 "mexico" 263 4836937
239 "mexico" 479 4316496
340 "mexico" 431 4879249
732 "mexico" 195 3839986
207 "mexico" 852 4536127
867 "mexico" 1021 3734761
415 "mexico" 508 2987013
297 "mexico" 255 3326548
345 "mexico" 540 3198641
175 "mexico" 328 4356162
744 "mexico" 218 2468383
765 "mexico" 344 2251746
205 "mexico" 366 3023096
728 "mexico" 183 2582752
223 "mexico" 300 4293734
752 "mexico" 206 2712593
550 "mexico" 110 3000934
710 "mexico" 219 2906571
559 "mexico" 315 3872458
117 "mexico" 411 4904732
52 "mexico" 250 3254574
166 "mexico" 330 4268364
99 "mexico" 479 4704661
210 "mexico" 528 4606994
745 "mexico" 221 2807844
174 "mexico" 280 4497408
281 "mexico" 643 4286243
16 "mexico" 366 3290019
617 "mexico" 602 3280575
892 "mexico" 219 2243183
111 "mexico" 449 4776397
241 "mexico" 159 3091886
489 "mexico" 1097 5281561
3 "mexico" 239 3320550
635 "mexico" 427 3541012
533 "mexico" 379 2962443
470 "mexico" 449 3617986
666 "mexico" 2189 3538706
232 "mexico" 169 4371863
878 "mexico" 298 2272961
590 "mexico" 219 2089384
866 "mexico" 414 3250006
644 "mexico" 778 3773650
718 "mexico" 206 3768056
523 "mexico" 633 3539852
476 "mexico" 991 5221121
717 "mexico" 154 2845251
771 "mexico" 514 3279431
113 "mexico" 519 4463862
773 "mexico" 312 2565723
776 "mexico" 792 3569212
216 "mexico" 572 4568343
131 "mexico" 1341 4574849
464 "mexico" 345 2294458
513 "mexico" 185 1610629
595 "mexico" 258 3777327
873 "mexico" 309 3970924
628 "mexico" 371 3746928
255 "mexico" 382 2915126
304 "mexico" 326 3183445
664 "mexico" 1542 3448940
142 "mexico" 211 2610942
658 "mexico" 753 3662279
715 "mexico" 189 3645201
252 "mexico" 629 4609535
300 "mexico" 276 5167343
556 "mexico" 276 2537500
148 "mexico" 466 4502496
442 "mexico" 852 4203058
468 "mexico" 345 4086746
171 "mexico" 239 2570010
60 "mexico" 394 4413146
20 "mexico" 277 4710355
275 "mexico" 291 2720440
13 "mexico" 397 5163213
91 "mexico" 457 4859976
503 "mexico" 457 3604625
22 "mexico" 423 4481679
896 "mexico" 313 3698130
80 "mexico" 1268 3195094
369 "mexico" 418 4774040
279 "mexico" 2391 4730333
835 "mexico" 294 2198902
310 "mexico" 314 3158000
675 "mexico" 360 3030161
727 "mexico" 360 3412323
729 "mexico" 192 2637364
375 "mexico" 761 4803900
57 "mexico" 305 3922006
427 "mexico" 3086 4937024
836 "mexico" 360 2387619
263 "mexico" 382 4402749
65 "mexico" 315 3281718
555 "mexico" 177 2374703
479 "mexico" 456 3152739
251 "mexico" 410 4540717
250 "mexico" 335 4496626
612 "mexico" 187 2215055
152 "mexico" 413 4525225
510 "mexico" 351 2625026
359 "mexico" 730 3089523
455 "mexico" 2487 4615643
526 "mexico" 333 2543410
213 "mexico" 235 3183096
296 "mexico" 173 3056471
564 "mexico" 678 3969317
762 "mexico" 253 2966030
256 "mexico" 344 4422591
414 "mexico" 574 4538673
498 "mexico" 216 2782958
514 "mexico" 396 2062801
891 "mexico" 304 2104281
133 "mexico" 289 4491081
43 "mexico" 1221 4336214
477 "mexico" 1026 5381232
500 "mexico" 132 1989637
520 "mexico" 631 3202814
83 "mexico" 1359 4501659
321 "mexico" 410 4894242
209 "mexico" 511 4646267
403 "mexico" 27 323755
768 "mexico" 239 3568876
868 "mexico" 619 3900189
593 "mexico" 577 3367380
501 "mexico" 457 2833178
598 "mexico" 146 1966927
201 "mexico" 439 4753982
2 "mexico" 124 2989580
636 "mexico" 812 3630893
315 "mexico" 295 5000514
484 "mexico" 665 4454840
706 "mexico" 253 3989821
639 "mexico" 295 2466350
897 "mexico" 475 3375196
139 "mexico" 401 4445784
812 "mexico" 267 3850987
220 "mexico" 226 2686696
449 "mexico" 1071 4603270
869 "mexico" 504 3936213
420 "mexico" 1289 5162404
282 "mexico" 371 2932588
257 "mexico" 437 4723534
830 "mexico" 373 2618928
56 "mexico" 298 4302053
78 "mexico" 1061 4128740
539 "mexico" 350 2674867
50 "mexico" 439 4669996
580 "mexico" 243 2515613
170 "mexico" 417 2550442
860 "mexico" 856 3453180
240 "mexico" 186 3072054
134 "mexico" 238 4295688
492 "mexico" 768 3479341
49 "mexico" 590 4696779
751 "mexico" 152 3049932
854 "mexico" 696 3733281
389 "mexico" 419 4578804
430 "mexico" 1446 3551713
90 "mexico" 247 4627667
589 "mexico" 493 3242967
497 "mexico" 369 3628432
633 "mexico" 201 2447718
446 "mexico" 545 5245562
384 "mexico" 339 5366107
153 "mexico" 321 4522341
713 "mexico" 345 3947456
789 "mexico" 328 3912056
599 "mexico" 457 3712119
512 "mexico" 213 2695902
362 "mexico" 1396 4586531
804 "mexico" 245 4726883
821 "mexico" 474 2314979
188 "mexico" 679 3358609
67 "mexico" 397 4632475
161 "mexico" 473 4498393
309 "mexico" 473 4626876
597 "mexico" 177 2140766
859 "mexico" 1158 3676591
271 "mexico" 225 4185168
249 "mexico" 227 4215929
332 "mexico" 215 3064726
303 "mexico" 327 2997988
567 "mexico" 291 3932623
802 "mexico" 238 4382679
874 "mexico" 289 3729822
416 "mexico" 908 3154516
177 "mexico" 301 2407407
757 "mexico" 425 2809841
629 "mexico" 597 4210102
865 "mexico" 649 3981668
637 "mexico" 638 3718902
632 "mexico" 175 2394198
545 "mexico" 373 4179753
602 "mexico" 489 3723142
192 "mexico" 921 2749326
143 "mexico" 242 2633443
136 "mexico" 114 3079235
278 "mexico" 749 4705093
733 "mexico" 231 3493488
845 "mexico" 409 3452729
901 "mexico" 323 3754529
291 "mexico" 245 4339309
204 "mexico" 535 4270522
467 "mexico" 385 3887172
863 "mexico" 1213 2427217
444 "mexico" 580 3156869
665 "mexico" 2302 3731409
509 "mexico" 324 2770367
238 "mexico" 264 4800688
531 "mexico" 197 2386348
653 "mexico" 1166 2821517
551 "mexico" 188 3745193
490 "mexico" 962 5482872
217 "mexico" 467 4603440
525 "mexico" 376 2934020
259 "mexico" 428 4612186
880 "mexico" 723 3783106
370 "mexico" 667 5120116
566 "mexico" 268 4265485
537 "mexico" 313 2880973
10 "mexico" 207 3950986
643 "mexico" 415 4132571
214 "mexico" 557 4477315
399 "mexico" 266 3749145
485 "mexico" 751 3011371
546 "mexico" 301 4006408
469 "mexico" 554 4144165
463 "mexico" 511 3789249
660 "mexico" 339 2251804
542 "mexico" 144 1830874
494 "mexico" 744 4830149
172 "mexico" 370 4040589
726 "mexico" 469 3420679
538 "mexico" 162 2788934
97 "mexico" 607 4878721
461 "mexico" 571 4083850
63 "mexico" 813 4596459
81 "mexico" 844 3879827
98 "mexico" 575 4908066
6 "mexico" 276 4742773
8 "mexico" 323 4486722
842 "mexico" 945 2780476
893 "mexico" 406 3424569
0 "mexico" 18 660268
89 "mexico" 228 4670402
741 "mexico" 448 4437240
596 "mexico" 268 3264638
600 "mexico" 416 3609342
747 "mexico" 315 4162044
147 "mexico" 752 4693353
645 "mexico" 826 3748481
708 "mexico" 277 4026620
458 "mexico" 374 2764407
481 "mexico" 658 4775236
100 "mexico" 563 3258156
408 "mexico" 1141 3003359
721 "mexico" 502 3515300
343 "mexico" 359 4811329
529 "mexico" 232 2423554
536 "mexico" 228 2854620
800 "mexico" 46 1478259
159 "mexico" 559 4693229
483 "mexico" 695 4986413
790 "mexico" 397 3965176
813 "mexico" 333 3686896
199 "mexico" 241 3009781
363 "mexico" 410 4615436
810 "mexico" 208 3718545
400 "mexico" 204 3834045
274 "mexico" 378 4517075
137 "mexico" 134 4376274
565 "mexico" 429 4150408
882 "mexico" 662 3927738
335 "mexico" 311 5255320
754 "mexico" 361 3327467
30 "mexico" 269 3200741
352 "mexico" 1171 3051995
387 "mexico" 343 3136514
386 "mexico" 269 4415622
33 "mexico" 773 3960114
288 "mexico" 258 4298177
584 "mexico" 192 1947317
609 "mexico" 517 3671693
334 "mexico" 264 5311661
290 "mexico" 233 3246816
459 "mexico" 585 3898257
242 "mexico" 184 4412038
268 "mexico" 250 2885698
493 "mexico" 651 3701967
723 "mexico" 264 2671735
55 "mexico" 535 4346280
