883 "privacy" 412 6623969
704 "privacy" 331 3897091
856 "privacy" 349 2500075
807 "privacy" 274 2589292
422 "privacy" 363 3340031
301 "privacy" 444 4974293
578 "privacy" 505 3778636
817 "privacy" 295 3545631
423 "privacy" 547 3593282
11 "privacy" 789 5076085
677 "privacy" 311 2795154
316 "privacy" 440 4760984
631 "privacy" 314 3465836
379 "privacy" 589 4754134
554 "privacy" 411 3437340
181 "privacy" 479 4115145
294 "privacy" 476 4935176
138 "privacy" 759 4530456
623 "privacy" 390 3697934
40 "privacy" 676 5016991
46 "privacy" 740 4647737
229 "privacy" 917 4618236
815 "privacy" 259 2500055
780 "privacy" 256 2798674
54 "privacy" 721 4516401
195 "privacy" 500 4509327
606 "privacy" 348 3438838
396 "privacy" 350 3019202
123 "privacy" 590 4390534
120 "privacy" 607 4127933
437 "privacy" 446 3242335
448 "privacy" 696 5061752
155 "privacy" 563 4338452
302 "privacy" 338 4416049
890 "privacy" 317 3236710
524 "privacy" 279 3672117
626 "privacy" 263 2521199
44 "privacy" 427 2824642
182 "privacy" 575 4328019
149 "privacy" 327 2873197
421 "privacy" 586 4734608
624 "privacy" 294 3392113
157 "privacy" 355 2827932
382 "privacy" 485 4848535
730 "privacy" 184 2129305
329 "privacy" 422 5048823
649 "privacy" 500 3756953
277 "privacy" 471 4510454
506 "privacy" 198 2280882
165 "privacy" 596 4205059
669 "privacy" 435 4169888
156 "privacy" 303 2933652
703 "privacy" 218 2124225
344 "privacy" 527 4902639
772 "privacy" 208 2352231
154 "privacy" 531 4360701
287 "privacy" 455 4636599
574 "privacy" 448 4039212
841 "privacy" 275 3572842
761 "privacy" 312 2764696
616 "privacy" 310 3565087
103 "privacy" 1062 4788773
508 "privacy" 343 2749942
26 "privacy" 577 4338785
73 "privacy" 411 3273786
327 "privacy" 524 4550815
870 "privacy" 398 2780452
203 "privacy" 525 4472806
324 "privacy" 257 3264547
511 "privacy" 319 3063958
646 "privacy" 185 2290270
383 "privacy" 565 4754648
825 "privacy" 313 3779952
425 "privacy" 657 4623706
248 "privacy" 242 2647463
328 "privacy" 463 4867842
570 "privacy" 343 2545168
116 "privacy" 1065 4644643
225 "privacy" 579 4188329
571 "privacy" 470 4191584
391 "privacy" 619 4230291
848 "privacy" 599 4528591
563 "privacy" 333 2677245
894 "privacy" 323 3639123
163 "privacy" 251 2785365
886 "privacy" 474 3512281
243 "privacy" 476 4522801
495 "privacy" 1124 4501243
750 "privacy" 413 3141790
655 "privacy" 427 3971287
549 "privacy" 294 2589705
786 "privacy" 269 2422375
88 "privacy" 953 4592676
162 "privacy" 505 4368391
615 "privacy" 245 3462001
755 "privacy" 466 3452522
434 "privacy" 523 5243354
276 "privacy" 342 2877271
785 "privacy" 407 4745278
641 "privacy" 323 4287095
319 "privacy" 396 4820375
847 "privacy" 596 3748726
267 "privacy" 382 4214226
822 "privacy" 309 2794707
68 "privacy" 761 4616161
126 "privacy" 591 4392170
426 "privacy" 466 4480732
480 "privacy" 503 4382499
254 "privacy" 248 2661764
101 "privacy" 501 3506408
711 "privacy" 333 4163878
390 "privacy" 594 4092493
451 "privacy" 343 3415556
625 "privacy" 138 2419667
53 "privacy" 642 3957246
572 "privacy" 556 4839349
731 "privacy" 304 2648796
505 "privacy" 326 3298435
764 "privacy" 346 3116285
215 "privacy" 517 4675935
72 "privacy" 367 3205791
518 "privacy" 327 3945886
24 "privacy" 416 3060131
348 "privacy" 454 5110848
169 "privacy" 620 3890442
614 "privacy" 436 3733012
788 "privacy" 414 4741652
441 "privacy" 555 5544096
51 "privacy" 497 4105936
222 "privacy" 397 4192195
714 "privacy" 396 3751506
160 "privacy" 525 4482613
202 "privacy" 561 4670018
782 "privacy" 408 4239273
75 "privacy" 875 4579666
898 "privacy" 232 2118847
360 "privacy" 370 3523798
247 "privacy" 245 2520574
792 "privacy" 308 3408712
621 "privacy" 366 6504326
94 "privacy" 631 3265793
852 "privacy" 677 4010576
758 "privacy" 208 2079118
496 "privacy" 891 3725602
168 "privacy" 467 4065543
491 "privacy" 1042 4865886
767 "privacy" 228 2793752
322 "privacy" 423 4958658
71 "privacy" 549 4509470
41 "privacy" 754 4957463
219 "privacy" 303 2720683
353 "privacy" 295 3358402
667 "privacy" 256 2584894
562 "privacy" 279 2568633
377 "privacy" 650 4989335
58 "privacy" 288 2914617
569 "privacy" 270 2878348
823 "privacy" 400 3841293
738 "privacy" 378 2652019
443 "privacy" 409 2969332
187 "privacy" 261 2502894
122 "privacy" 343 2810253
876 "privacy" 472 3425537
862 "privacy" 797 3509373
424 "privacy" 717 4894003
221 "privacy" 310 3107732
530 "privacy" 285 2532880
19 "privacy" 705 4488733
670 "privacy" 422 3718859
27 "privacy" 474 4022467
86 "privacy" 598 3309795
7 "privacy" 838 4655603
671 "privacy" 443 3861537
38 "privacy" 403 3040015
285 "privacy" 397 4366242
326 "privacy" 469 4565233
743 "privacy" 473 3570753
272 "privacy" 571 4551867
312 "privacy" 384 4693756
457 "privacy" 336 2524135
827 "privacy" 162 2179522
17 "privacy" 382 3260643
191 "privacy" 317 2905549
339 "privacy" 419 3178056
439 "privacy" 705 4645945
388 "privacy" 334 3384201
367 "privacy" 286 2984685
607 "privacy" 377 3398379
380 "privacy" 349 3242533
31 "privacy" 343 2921246
14 "privacy" 670 4983113
528 "privacy" 169 1592211
135 "privacy" 435 3044464
725 "privacy" 371 3883337
581 "privacy" 182 1587650
234 "privacy" 257 2821690
70 "privacy" 675 4905867
305 "privacy" 479 4342723
132 "privacy" 709 4475862
478 "privacy" 303 3640602
404 "privacy" 437 3717186
627 "privacy" 342 3870696
608 "privacy" 323 3340789
237 "privacy" 432 4806965
32 "privacy" 590 3980524
12 "privacy" 642 5125939
280 "privacy" 433 4727916
330 "privacy" 457 4521996
781 "privacy" 369 3528852
809 "privacy" 366 3731500
118 "privacy" 918 5178713
431 "privacy" 633 4768668
333 "privacy" 420 4951951
406 "privacy" 680 4768082
622 "privacy" 271 3931684
342 "privacy" 485 5016457
308 "privacy" 441 4747688
307 "privacy" 508 5036032
630 "privacy" 345 3745573
167 "privacy" 586 4128658
269 "privacy" 232 3045303
394 "privacy" 438 2759293
231 "privacy" 840 4907639
264 "privacy" 508 4682356
311 "privacy" 249 3143766
707 "privacy" 395 3993790
144 "privacy" 662 4157667
522 "privacy" 367 4289615
779 "privacy" 275 2606559
173 "privacy" 473 4103950
661 "privacy" 334 3003629
183 "privacy" 529 4257148
401 "privacy" 335 2872294
801 "privacy" 282 3161683
260 "privacy" 387 4236287
705 "privacy" 301 4149974
778 "privacy" 394 3409283
553 "privacy" 469 4053200
460 "privacy" 534 3955559
62 "privacy" 596 4643934
749 "privacy" 523 3645271
398 "privacy" 571 3704711
39 "privacy" 636 4415517
433 "privacy" 577 4990891
900 "privacy" 484 3493228
888 "privacy" 566 3635953
180 "privacy" 394 4218664
447 "privacy" 589 4990514
783 "privacy" 506 4008272
346 "privacy" 345 3880059
864 "privacy" 560 2826178
887 "privacy" 650 3989819
839 "privacy" 214 3578765
837 "privacy" 250 3672733
393 "privacy" 440 3816877
85 "privacy" 965 4459009
314 "privacy" 540 4943541
769 "privacy" 434 3412295
818 "privacy" 323 3977862
211 "privacy" 519 4855598
36 "privacy" 365 2989276
196 "privacy" 438 4447578
585 "privacy" 566 3053066
857 "privacy" 364 2508775
323 "privacy" 368 5209124
29 "privacy" 311 2589823
832 "privacy" 317 3607100
849 "privacy" 415 2777073
270 "privacy" 455 4204264
47 "privacy" 614 4410375
794 "privacy" 397 2544237
208 "privacy" 438 4286399
140 "privacy" 1045 4657102
93 "privacy" 634 3210774
299 "privacy" 561 5176811
115 "privacy" 579 3109516
716 "privacy" 207 2348608
179 "privacy" 416 4093389
262 "privacy" 248 2863093
105 "privacy" 819 4892222
871 "privacy" 419 2928964
858 "privacy" 651 3532834
184 "privacy" 204 2394581
638 "privacy" 661 3460136
850 "privacy" 526 2873211
355 "privacy" 469 4740512
351 "privacy" 488 4547909
499 "privacy" 191 1713420
325 "privacy" 267 3428276
742 "privacy" 451 3629904
397 "privacy" 465 3732190
811 "privacy" 307 3853376
121 "privacy" 322 2818519
109 "privacy" 824 4517584
902 "privacy" 322 4170504
366 "privacy" 272 2883243
106 "privacy" 725 4546153
454 "privacy" 565 4710088
507 "privacy" 229 2403004
527 "privacy" 170 1602542
759 "privacy" 153 2257032
365 "privacy" 317 3755213
411 "privacy" 785 4827397
502 "privacy" 246 3306520
246 "privacy" 477 4284502
787 "privacy" 329 2719693
855 "privacy" 588 3196438
376 "privacy" 729 4858521
82 "privacy" 697 4563599
668 "privacy" 359 3138222
74 "privacy" 635 4590027
445 "privacy" 507 4462366
647 "privacy" 234 2488705
141 "privacy" 860 4118444
318 "privacy" 201 3614367
573 "privacy" 425 4107353
532 "privacy" 255 2891624
145 "privacy" 726 4233929
77 "privacy" 690 4765974
735 "privacy" 623 3848849
820 "privacy" 403 3497814
712 "privacy" 378 3862094
753 "privacy" 480 3458788
186 "privacy" 374 3154334
814 "privacy" 182 2628729
432 "privacy" 569 4661745
838 "privacy" 212 3793223
722 "privacy" 361 3325505
482 "privacy" 671 4762025
356 "privacy" 496 5295321
130 "privacy" 639 4412446
206 "privacy" 351 2888034
129 "privacy" 431 3064909
178 "privacy" 273 2610171
124 "privacy" 803 4283442
889 "privacy" 410 3561997
879 "privacy" 557 3748860
15 "privacy" 594 4426033
258 "privacy" 554 4730675
350 "privacy" 492 4879990
672 "privacy" 369 3760804
770 "privacy" 380 3448218
374 "privacy" 415 3495650
409 "privacy" 440 3425044
654 "privacy" 367 3507207
521 "privacy" 237 3315216
230 "privacy" 626 4674531
306 "privacy" 549 4733738
840 "privacy" 200 3992477
42 "privacy" 695 4713087
746 "privacy" 513 4070967
895 "privacy" 352 3582404
582 "privacy" 316 2267064
102 "privacy" 1067 4670117
245 "privacy" 493 4604176
1 "privacy" 636 3977379
777 "privacy" 624 4179004
244 "privacy" 457 5238016
592 "privacy" 427 3288102
69 "privacy" 706 4800713
410 "privacy" 495 4974240
371 "privacy" 504 4716133
151 "privacy" 560 4211602
292 "privacy" 605 4671230
273 "privacy" 757 5180176
819 "privacy" 323 3743061
474 "privacy" 558 4772486
824 "privacy" 434 3513604
37 "privacy" 287 2676643
475 "privacy" 618 5266128
405 "privacy" 510 5990487
125 "privacy" 574 4407365
337 "privacy" 562 4784178
218 "privacy" 432 4247817
452 "privacy" 428 4092466
557 "privacy" 559 3804116
227 "privacy" 294 3162062
87 "privacy" 675 3367307
740 "privacy" 382 3779247
488 "privacy" 1155 5774999
347 "privacy" 473 4936210
407 "privacy" 624 4433504
236 "privacy" 652 4659315
298 "privacy" 490 5213756
831 "privacy" 283 4197644
486 "privacy" 421 3015765
748 "privacy" 419 3473604
657 "privacy" 424 3509256
620 "privacy" 355 3455651
92 "privacy" 858 4439092
176 "privacy" 381 3797442
438 "privacy" 727 4625346
587 "privacy" 551 3427697
373 "privacy" 313 3034916
803 "privacy" 342 4482325
516 "privacy" 280 4272762
194 "privacy" 491 4353917
59 "privacy" 437 2952855
128 "privacy" 392 3090039
349 "privacy" 416 5658955
588 "privacy" 481 3241428
591 "privacy" 312 2094450
673 "privacy" 298 3501594
119 "privacy" 848 4975726
709 "privacy" 245 2276024
265 "privacy" 370 4662510
320 "privacy" 419 4819758
4 "privacy" 882 4598314
354 "privacy" 440 4517991
640 "privacy" 254 2738239
127 "privacy" 630 4429584
517 "privacy" 285 4117419
763 "privacy" 337 3016262
674 "privacy" 223 2308675
429 "privacy" 449 3391583
190 "privacy" 422 4190744
766 "privacy" 213 2706757
547 "privacy" 383 3452037
795 "privacy" 508 3050247
23 "privacy" 344 3104519
844 "privacy" 531 3976677
266 "privacy" 472 4504603
846 "privacy" 830 3647099
719 "privacy" 392 3829848
9 "privacy" 531 3442642
61 "privacy" 579 4472190
338 "privacy" 281 3225806
473 "privacy" 551 4628982
734 "privacy" 502 3668529
381 "privacy" 324 3397945
261 "privacy" 209 3037220
466 "privacy" 441 4018333
543 "privacy" 332 3309702
577 "privacy" 381 2365385
791 "privacy" 380 3848784
816 "privacy" 336 3198922
66 "privacy" 442 3407641
724 "privacy" 279 2666180
456 "privacy" 504 4207180
775 "privacy" 533 3488226
286 "privacy" 396 5970027
418 "privacy" 557 5022691
317 "privacy" 221 3337467
583 "privacy" 294 2182447
610 "privacy" 279 3150003
413 "privacy" 562 4835228
548 "privacy" 273 2498036
284 "privacy" 309 3510063
283 "privacy" 209 2896851
185 "privacy" 242 2469661
720 "privacy" 450 3955190
662 "privacy" 458 3810706
604 "privacy" 189 2151777
881 "privacy" 554 3773393
341 "privacy" 468 4596265
95 "privacy" 1170 5010247
471 "privacy" 375 2636740
611 "privacy" 198 2155865
853 "privacy" 989 3908925
737 "privacy" 250 2311910
197 "privacy" 531 4212269
364 "privacy" 312 3521749
108 "privacy" 617 3262193
515 "privacy" 374 3263621
5 "privacy" 646 5046683
651 "privacy" 304 3886051
541 "privacy" 274 1766108
774 "privacy" 545 3497493
872 "privacy" 789 4280880
392 "privacy" 560 4182275
560 "privacy" 502 3764808
806 "privacy" 364 3856005
568 "privacy" 431 3689447
805 "privacy" 387 3878173
605 "privacy" 207 2241681
79 "privacy" 339 3272864
114 "privacy" 812 3226592
25 "privacy" 655 4272018
656 "privacy" 380 4079720
885 "privacy" 341 2491932
112 "privacy" 848 4929045
534 "privacy" 174 1744791
519 "privacy" 327 3051908
198 "privacy" 266 2829389
793 "privacy" 216 2169085
358 "privacy" 473 4808290
586 "privacy" 474 2386224
450 "privacy" 403 3243099
594 "privacy" 483 3768106
833 "privacy" 286 4188634
535 "privacy" 217 1935800
808 "privacy" 312 2818842
739 "privacy" 499 3819985
76 "privacy" 679 4642391
361 "privacy" 440 4569387
34 "privacy" 537 3922416
760 "privacy" 202 2282399
462 "privacy" 623 4071318
558 "privacy" 589 4078849
784 "privacy" 525 4460964
487 "privacy" 658 4713557
336 "privacy" 851 4720409
146 "privacy" 713 4553717
18 "privacy" 671 4672470
233 "privacy" 228 3110556
385 "privacy" 613 4983996
357 "privacy" 527 4918529
676 "privacy" 414 3659314
877 "privacy" 285 2350353
228 "privacy" 479 4558248
650 "privacy" 378 3798686
642 "privacy" 450 4469630
903 "privacy" 160 1881414
659 "privacy" 382 3254058
331 "privacy" 305 3108545
435 "privacy" 474 4664740
861 "privacy" 802 4209617
899 "privacy" 245 2347861
603 "privacy" 388 3245826
235 "privacy" 581 4563478
618 "privacy" 176 2196922
164 "privacy" 358 2804627
834 "privacy" 250 3111202
826 "privacy" 331 3582383
107 "privacy" 469 3156203
200 "privacy" 533 4830687
576 "privacy" 272 2390399
402 "privacy" 307 2768717
504 "privacy" 289 3101793
224 "privacy" 442 4364134
368 "privacy" 457 4658062
465 "privacy" 312 2492801
419 "privacy" 555 4638588
35 "privacy" 529 3763797
436 "privacy" 406 3158734
193 "privacy" 447 4184456
634 "privacy" 346 3612311
253 "privacy" 396 4322091
28 "privacy" 441 3495218
289 "privacy" 289 3068603
613 "privacy" 372 3313455
652 "privacy" 400 3369545
601 "privacy" 431 3508454
64 "privacy" 726 4652154
158 "privacy" 545 4259362
150 "privacy" 324 2931452
295 "privacy" 472 4658950
21 "privacy" 675 4711172
875 "privacy" 721 3796714
540 "privacy" 257 2637437
104 "privacy" 870 4960805
619 "privacy" 181 2190947
412 "privacy" 592 4962464
45 "privacy" 538 3098186
579 "privacy" 451 3797764
552 "privacy" 537 3629845
884 "privacy" 439 2767779
440 "privacy" 599 4644599
472 "privacy" 444 2709479
372 "privacy" 460 4553643
378 "privacy" 627 5131435
756 "privacy" 448 3330845
428 "privacy" 725 4331477
561 "privacy" 485 3774160
851 "privacy" 837 4270475
575 "privacy" 419 4051323
226 "privacy" 263 3101763
648 "privacy" 316 3125278
212 "privacy" 309 3547478
96 "privacy" 1573 5814512
189 "privacy" 545 4452639
293 "privacy" 654 4970309
544 "privacy" 469 3917380
453 "privacy" 630 4491552
843 "privacy" 284 2773757
395 "privacy" 388 2415059
313 "privacy" 414 4603617
417 "privacy" 562 4187171
48 "privacy" 758 4571611
84 "privacy" 914 4469528
736 "privacy" 387 3426439
663 "privacy" 451 3682994
110 "privacy" 719 4836937
239 "privacy" 473 4316496
340 "privacy" 479 4879249
732 "privacy" 450 3839986
207 "privacy" 429 4536127
867 "privacy" 776 3734761
415 "privacy" 310 2987013
297 "privacy" 385 3326548
345 "privacy" 243 3198641
175 "privacy" 443 4356162
744 "privacy" 319 2468383
765 "privacy" 160 2251746
205 "privacy" 316 3023096
728 "privacy" 415 2582752
223 "privacy" 473 4293734
752 "privacy" 437 2712593
550 "privacy" 462 3000934
710 "privacy" 339 2906571
559 "privacy" 465 3872458
117 "privacy" 992 4904732
52 "privacy" 600 3254574
166 "privacy" 525 4268364
99 "privacy" 893 4704661
210 "privacy" 557 4606994
745 "privacy" 328 2807844
174 "privacy" 419 4497408
281 "privacy" 386 4286243
16 "privacy" 303 3290019
617 "privacy" 274 3280575
892 "privacy" 307 2243183
111 "privacy" 628 4776397
241 "privacy" 289 3091886
489 "privacy" 1676 5281561
3 "privacy" 545 3320550
635 "privacy" 389 3541012
533 "privacy" 263 2962443
470 "privacy" 462 3617986
666 "privacy" 324 3538706
232 "privacy" 699 4371863
878 "privacy" 307 2272961
590 "privacy" 242 2089384
866 "privacy" 980 3250006
644 "privacy" 301 3773650
718 "privacy" 385 3768056
523 "privacy" 358 3539852
476 "privacy" 532 5221121
717 "privacy" 260 2845251
771 "privacy" 404 3279431
113 "privacy" 910 4463862
773 "privacy" 407 2565723
776 "privacy" 410 3569212
216 "privacy" 617 4568343
131 "privacy" 655 4574849
464 "privacy" 240 2294458
513 "privacy" 153 1610629
595 "privacy" 446 3777327
873 "privacy" 764 3970924
628 "privacy" 497 3746928
255 "privacy" 353 2915126
304 "privacy" 334 3183445
664 "privacy" 423 3448940
142 "privacy" 435 2610942
658 "privacy" 413 3662279
715 "privacy" 318 3645201
252 "privacy" 474 4609535
300 "privacy" 602 5167343
556 "privacy" 344 2537500
148 "privacy" 598 4502496
442 "privacy" 501 4203058
468 "privacy" 656 4086746
171 "privacy" 380 2570010
60 "privacy" 683 4413146
20 "privacy" 818 4710355
275 "privacy" 282 2720440
13 "privacy" 679 5163213
91 "privacy" 1031 4859976
503 "privacy" 317 3604625
22 "privacy" 739 4481679
896 "privacy" 374 3698130
80 "privacy" 345 3195094
369 "privacy" 674 4774040
279 "privacy" 394 4730333
835 "privacy" 180 2198902
310 "privacy" 201 3158000
675 "privacy" 396 3030161
727 "privacy" 385 3412323
729 "privacy" 347 2637364
375 "privacy" 525 4803900
57 "privacy" 608 3922006
427 "privacy" 760 4937024
836 "privacy" 167 2387619
263 "privacy" 535 4402749
65 "privacy" 389 3281718
555 "privacy" 308 2374703
479 "privacy" 278 3152739
251 "privacy" 458 4540717
250 "privacy" 531 4496626
612 "privacy" 277 2215055
152 "privacy" 512 4525225
510 "privacy" 250 2625026
359 "privacy" 319 3089523
455 "privacy" 566 4615643
526 "privacy" 219 2543410
213 "privacy" 422 3183096
296 "privacy" 297 3056471
564 "privacy" 435 3969317
762 "privacy" 287 2966030
256 "privacy" 419 4422591
414 "privacy" 623 4538673
498 "privacy" 401 2782958
514 "privacy" 282 2062801
891 "privacy" 183 2104281
133 "privacy" 728 4491081
43 "privacy" 725 4336214
477 "privacy" 591 5381232
500 "privacy" 310 1989637
520 "privacy" 232 3202814
83 "privacy" 996 4501659
321 "privacy" 424 4894242
209 "privacy" 565 4646267
403 "privacy" 14 323755
768 "privacy" 390 3568876
868 "privacy" 622 3900189
593 "privacy" 517 3367380
501 "privacy" 382 2833178
598 "privacy" 327 1966927
201 "privacy" 690 4753982
2 "privacy" 462 2989580
636 "privacy" 306 3630893
315 "privacy" 592 5000514
484 "privacy" 933 4454840
706 "privacy" 308 3989821
639 "privacy" 189 2466350
897 "privacy" 415 3375196
139 "privacy" 996 4445784
812 "privacy" 371 3850987
220 "privacy" 238 2686696
449 "privacy" 564 4603270
869 "privacy" 804 3936213
420 "privacy" 622 5162404
282 "privacy" 190 2932588
257 "privacy" 508 4723534
830 "privacy" 160 2618928
56 "privacy" 716 4302053
78 "privacy" 589 4128740
539 "privacy" 444 2674867
50 "privacy" 725 4669996
580 "privacy" 249 2515613
170 "privacy" 429 2550442
860 "privacy" 540 3453180
240 "privacy" 262 3072054
134 "privacy" 666 4295688
492 "privacy" 481 3479341
49 "privacy" 868 4696779
751 "privacy" 369 3049932
854 "privacy" 677 3733281
389 "privacy" 561 4578804
430 "privacy" 526 3551713
90 "privacy" 942 4627667
589 "privacy" 490 3242967
497 "privacy" 593 3628432
633 "privacy" 214 2447718
446 "privacy" 520 5245562
384 "privacy" 600 5366107
153 "privacy" 625 4522341
713 "privacy" 406 3947456
789 "privacy" 442 3912056
599 "privacy" 535 3712119
512 "privacy" 313 2695902
362 "privacy" 473 4586531
804 "privacy" 355 4726883
821 "privacy" 209 2314979
188 "privacy" 584 3358609
67 "privacy" 709 4632475
161 "privacy" 505 4498393
309 "privacy" 378 4626876
597 "privacy" 210 2140766
859 "privacy" 605 3676591
271 "privacy" 507 4185168
249 "privacy" 469 4215929
332 "privacy" 352 3064726
303 "privacy" 243 2997988
567 "privacy" 518 3932623
802 "privacy" 351 4382679
874 "privacy" 658 3729822
416 "privacy" 354 3154516
177 "privacy" 273 2407407
757 "privacy" 304 2809841
629 "privacy" 417 4210102
865 "privacy" 829 3981668
637 "privacy" 1567 3718902
632 "privacy" 166 2394198
545 "privacy" 519 4179753
602 "privacy" 468 3723142
192 "privacy" 253 2749326
143 "privacy" 347 2633443
136 "privacy" 382 3079235
278 "privacy" 461 4705093
733 "privacy" 495 3493488
845 "privacy" 595 3452729
901 "privacy" 323 3754529
291 "privacy" 428 4339309
204 "privacy" 473 4270522
467 "privacy" 581 3887172
863 "privacy" 416 2427217
444 "privacy" 413 3156869
665 "privacy" 393 3731409
509 "privacy" 284 2770367
238 "privacy" 499 4800688
531 "privacy" 268 2386348
653 "privacy" 200 2821517
551 "privacy" 498 3745193
490 "privacy" 1001 5482872
217 "privacy" 515 4603440
525 "privacy" 282 2934020
259 "privacy" 446 4612186
880 "privacy" 492 3783106
370 "privacy" 631 5120116
566 "privacy" 471 4265485
537 "privacy" 297 2880973
10 "privacy" 486 3950986
643 "privacy" 446 4132571
214 "privacy" 460 4477315
399 "privacy" 485 3749145
485 "privacy" 382 3011371
546 "privacy" 522 4006408
469 "privacy" 612 4144165
463 "privacy" 436 3789249
660 "privacy" 212 2251804
542 "privacy" 264 1830874
494 "privacy" 719 4830149
172 "privacy" 408 4040589
726 "privacy" 447 3420679
538 "privacy" 228 2788934
97 "privacy" 1112 4878721
461 "privacy" 583 4083850
63 "privacy" 640 4596459
81 "privacy" 584 3879827
98 "privacy" 951 4908066
6 "privacy" 945 4742773
8 "privacy" 587 4486722
842 "privacy" 223 2780476
893 "privacy" 387 3424569
0 "privacy" 203 660268
89 "privacy" 866 4670402
741 "privacy" 389 4437240
596 "privacy" 519 3264638
600 "privacy" 481 3609342
747 "privacy" 471 4162044
147 "privacy" 652 4693353
645 "privacy" 329 3748481
708 "privacy" 366 4026620
458 "privacy" 410 2764407
481 "privacy" 421 4775236
100 "privacy" 561 3258156
408 "privacy" 353 3003359
721 "privacy" 371 3515300
343 "privacy" 433 4811329
529 "privacy" 231 2423554
536 "privacy" 336 2854620
800 "privacy" 79 1478259
159 "privacy" 596 4693229
483 "privacy" 1079 4986413
790 "privacy" 518 3965176
813 "privacy" 325 3686896
199 "privacy" 324 3009781
363 "privacy" 484 4615436
810 "privacy" 380 3718545
400 "privacy" 562 3834045
274 "privacy" 609 4517075
137 "privacy" 712 4376274
565 "privacy" 463 4150408
882 "privacy" 450 3927738
335 "privacy" 478 5255320
754 "privacy" 530 3327467
30 "privacy" 286 3200741
352 "privacy" 286 3051995
387 "privacy" 297 3136514
386 "privacy" 653 4415622
33 "privacy" 632 3960114
288 "privacy" 395 4298177
584 "privacy" 292 1947317
609 "privacy" 285 3671693
334 "privacy" 620 5311661
290 "privacy" 296 3246816
459 "privacy" 577 3898257
242 "privacy" 525 4412038
268 "privacy" 188 2885698
493 "privacy" 657 3701967
723 "privacy" 235 2671735
55 "privacy" 797 4346280
