883 "sunday" 370 6623969
704 "sunday" 3358 3897091
856 "sunday" 759 2500075
807 "sunday" 844 2589292
422 "sunday" 793 3340031
301 "sunday" 1280 4974293
578 "sunday" 2861 3778636
817 "sunday" 839 3545631
423 "sunday" 5900 3593282
11 "sunday" 4826 5076085
677 "sunday" 2392 2795154
316 "sunday" 1466 4760984
631 "sunday" 758 3465836
379 "sunday" 973 4754134
554 "sunday" 525 3437340
181 "sunday" 535 4115145
294 "sunday" 1222 4935176
138 "sunday" 1101 4530456
623 "sunday" 439 3697934
40 "sunday" 1349 5016991
46 "sunday" 3866 4647737
229 "sunday" 1310 4618236
815 "sunday" 2760 2500055
780 "sunday" 2987 2798674
54 "sunday" 1813 4516401
195 "sunday" 649 4509327
606 "sunday" 2834 3438838
396 "sunday" 3466 3019202
123 "sunday" 3995 4390534
120 "sunday" 787 4127933
437 "sunday" 4286 3242335
448 "sunday" 612 5061752
155 "sunday" 467 4338452
302 "sunday" 780 4416049
890 "sunday" 325 3236710
524 "sunday" 314 3672117
626 "sunday" 3410 2521199
44 "sunday" 744 2824642
182 "sunday" 531 4328019
149 "sunday" 966 2873197
421 "sunday" 1018 4734608
624 "sunday" 619 3392113
157 "sunday" 3951 2827932
382 "sunday" 6040 4848535
730 "sunday" 568 2129305
329 "sunday" 1112 5048823
649 "sunday" 1593 3756953
277 "sunday" 4501 4510454
506 "sunday" 372 2280882
165 "sunday" 3105 4205059
669 "sunday" 5333 4169888
156 "sunday" 671 2933652
703 "sunday" 2552 2124225
344 "sunday" 1340 4902639
772 "sunday" 827 2352231
154 "sunday" 473 4360701
287 "sunday" 915 4636599
574 "sunday" 353 4039212
841 "sunday" 570 3572842
761 "sunday" 1552 2764696
616 "sunday" 818 3565087
103 "sunday" 1125 4788773
508 "sunday" 3024 2749942
26 "sunday" 1630 4338785
73 "sunday" 4746 3273786
327 "sunday" 1888 4550815
870 "sunday" 988 2780452
203 "sunday" 1714 4472806
324 "sunday" 924 3264547
511 "sunday" 1155 3063958
646 "sunday" 624 2290270
383 "sunday" 1807 4754648
825 "sunday" 615 3779952
425 "sunday" 1612 4623706
248 "sunday" 4040 2647463
328 "sunday" 1603 4867842
570 "sunday" 3289 2545168
116 "sunday" 4244 4644643
225 "sunday" 896 4188329
571 "sunday" 3486 4191584
391 "sunday" 756 4230291
848 "sunday" 868 4528591
563 "sunday" 3737 2677245
894 "sunday" 696 3639123
163 "sunday" 648 2785365
886 "sunday" 2331 3512281
243 "sunday" 954 4522801
495 "sunday" 963 4501243
750 "sunday" 808 3141790
655 "sunday" 6124 3971287
549 "sunday" 4096 2589705
786 "sunday" 967 2422375
88 "sunday" 4083 4592676
162 "sunday" 729 4368391
615 "sunday" 954 3462001
755 "sunday" 579 3452522
434 "sunday" 1198 5243354
276 "sunday" 4652 2877271
785 "sunday" 866 4745278
641 "sunday" 6850 4287095
319 "sunday" 6752 4820375
847 "sunday" 447 3748726
267 "sunday" 708 4214226
822 "sunday" 2982 2794707
68 "sunday" 1740 4616161
126 "sunday" 475 4392170
426 "sunday" 819 4480732
480 "sunday" 2920 4382499
254 "sunday" 1029 2661764
101 "sunday" 5168 3506408
711 "sunday" 4468 4163878
390 "sunday" 1437 4092493
451 "sunday" 3548 3415556
625 "sunday" 554 2419667
53 "sunday" 4109 3957246
572 "sunday" 1170 4839349
731 "sunday" 3053 2648796
505 "sunday" 622 3298435
764 "sunday" 953 3116285
215 "sunday" 1078 4675935
72 "sunday" 1261 3205791
518 "sunday" 269 3945886
24 "sunday" 4845 3060131
348 "sunday" 1587 5110848
169 "sunday" 312 3890442
614 "sunday" 1071 3733012
788 "sunday" 2558 4741652
441 "sunday" 558 5544096
51 "sunday" 1105 4105936
222 "sunday" 1018 4192195
714 "sunday" 993 3751506
160 "sunday" 764 4482613
202 "sunday" 2175 4670018
782 "sunday" 1368 4239273
75 "sunday" 1419 4579666
898 "sunday" 424 2118847
360 "sunday" 5132 3523798
247 "sunday" 832 2520574
792 "sunday" 557 3408712
621 "sunday" 1155 6504326
94 "sunday" 4571 3265793
852 "sunday" 840 4010576
758 "sunday" 690 2079118
496 "sunday" 521 3725602
168 "sunday" 358 4065543
491 "sunday" 703 4865886
767 "sunday" 2847 2793752
322 "sunday" 1498 4958658
71 "sunday" 1157 4509470
41 "sunday" 799 4957463
219 "sunday" 861 2720683
353 "sunday" 4951 3358402
667 "sunday" 780 2584894
562 "sunday" 748 2568633
377 "sunday" 1194 4989335
58 "sunday" 1255 2914617
569 "sunday" 985 2878348
823 "sunday" 2678 3841293
738 "sunday" 3081 2652019
443 "sunday" 1032 2969332
187 "sunday" 1136 2502894
122 "sunday" 4105 2810253
876 "sunday" 577 3425537
862 "sunday" 471 3509373
424 "sunday" 5882 4894003
221 "sunday" 2995 3107732
530 "sunday" 747 2532880
19 "sunday" 1323 4488733
670 "sunday" 2347 3718859
27 "sunday" 1156 4022467
86 "sunday" 814 3309795
7 "sunday" 669 4655603
671 "sunday" 1812 3861537
38 "sunday" 4180 3040015
285 "sunday" 1590 4366242
326 "sunday" 6600 4565233
743 "sunday" 679 3570753
272 "sunday" 805 4551867
312 "sunday" 5295 4693756
457 "sunday" 950 2524135
827 "sunday" 591 2179522
17 "sunday" 5039 3260643
191 "sunday" 933 2905549
339 "sunday" 5006 3178056
439 "sunday" 1409 4645945
388 "sunday" 6349 3384201
367 "sunday" 4451 2984685
607 "sunday" 774 3398379
380 "sunday" 1378 3242533
31 "sunday" 4381 2921246
14 "sunday" 1038 4983113
528 "sunday" 2598 1592211
135 "sunday" 1160 3044464
725 "sunday" 3325 3883337
581 "sunday" 119 1587650
234 "sunday" 4045 2821690
70 "sunday" 837 4905867
305 "sunday" 4952 4342723
132 "sunday" 716 4475862
478 "sunday" 739 3640602
404 "sunday" 1685 3717186
627 "sunday" 3734 3870696
608 "sunday" 585 3340789
237 "sunday" 971 4806965
32 "sunday" 5335 3980524
12 "sunday" 1663 5125939
280 "sunday" 841 4727916
330 "sunday" 1226 4521996
781 "sunday" 3039 3528852
809 "sunday" 2594 3731500
118 "sunday" 688 5178713
431 "sunday" 5831 4768668
333 "sunday" 5301 4951951
406 "sunday" 993 4768082
622 "sunday" 657 3931684
342 "sunday" 1096 5016457
308 "sunday" 1147 4747688
307 "sunday" 1231 5036032
630 "sunday" 573 3745573
167 "sunday" 536 4128658
269 "sunday" 3561 3045303
394 "sunday" 1177 2759293
231 "sunday" 479 4907639
264 "sunday" 1326 4682356
311 "sunday" 5566 3143766
707 "sunday" 884 3993790
144 "sunday" 3056 4157667
522 "sunday" 2073 4289615
779 "sunday" 728 2606559
173 "sunday" 1122 4103950
661 "sunday" 3608 3003629
183 "sunday" 1043 4257148
401 "sunday" 1125 2872294
801 "sunday" 3084 3161683
260 "sunday" 682 4236287
705 "sunday" 1712 4149974
778 "sunday" 1074 3409283
553 "sunday" 440 4053200
460 "sunday" 986 3955559
62 "sunday" 601 4643934
749 "sunday" 876 3645271
398 "sunday" 859 3704711
39 "sunday" 3906 4415517
433 "sunday" 1199 4990891
900 "sunday" 2261 3493228
888 "sunday" 490 3635953
180 "sunday" 968 4218664
447 "sunday" 851 4990514
783 "sunday" 902 4008272
346 "sunday" 5863 3880059
864 "sunday" 3173 2826178
887 "sunday" 652 3989819
839 "sunday" 576 3578765
837 "sunday" 2523 3672733
393 "sunday" 743 3816877
85 "sunday" 584 4459009
314 "sunday" 1147 4943541
769 "sunday" 775 3412295
818 "sunday" 618 3977862
211 "sunday" 687 4855598
36 "sunday" 744 2989276
196 "sunday" 479 4447578
585 "sunday" 2450 3053066
857 "sunday" 2916 2508775
323 "sunday" 1345 5209124
29 "sunday" 594 2589823
832 "sunday" 901 3607100
849 "sunday" 713 2777073
270 "sunday" 4195 4204264
47 "sunday" 1557 4410375
794 "sunday" 2925 2544237
208 "sunday" 1403 4286399
140 "sunday" 1195 4657102
93 "sunday" 995 3210774
299 "sunday" 2363 5176811
115 "sunday" 4797 3109516
716 "sunday" 770 2348608
179 "sunday" 3347 4093389
262 "sunday" 4805 2863093
105 "sunday" 539 4892222
871 "sunday" 3332 2928964
858 "sunday" 2502 3532834
184 "sunday" 777 2394581
638 "sunday" 591 3460136
850 "sunday" 2770 2873211
355 "sunday" 1602 4740512
351 "sunday" 1241 4547909
499 "sunday" 440 1713420
325 "sunday" 5367 3428276
742 "sunday" 727 3629904
397 "sunday" 1598 3732190
811 "sunday" 455 3853376
121 "sunday" 1195 2818519
109 "sunday" 5239 4517584
902 "sunday" 520 4170504
366 "sunday" 1179 2883243
106 "sunday" 962 4546153
454 "sunday" 726 4710088
507 "sunday" 2889 2403004
527 "sunday" 488 1602542
759 "sunday" 2874 2257032
365 "sunday" 1080 3755213
411 "sunday" 1694 4827397
502 "sunday" 731 3306520
246 "sunday" 566 4284502
787 "sunday" 2890 2719693
855 "sunday" 558 3196438
376 "sunday" 1716 4858521
82 "sunday" 1148 4563599
668 "sunday" 5382 3138222
74 "sunday" 5048 4590027
445 "sunday" 4505 4462366
647 "sunday" 3579 2488705
141 "sunday" 954 4118444
318 "sunday" 5666 3614367
573 "sunday" 803 4107353
532 "sunday" 282 2891624
145 "sunday" 921 4233929
77 "sunday" 694 4765974
735 "sunday" 1046 3848849
820 "sunday" 629 3497814
712 "sunday" 1822 3862094
753 "sunday" 3445 3458788
186 "sunday" 3609 3154334
814 "sunday" 566 2628729
432 "sunday" 1988 4661745
838 "sunday" 649 3793223
722 "sunday" 642 3325505
482 "sunday" 493 4762025
356 "sunday" 1056 5295321
130 "sunday" 4575 4412446
206 "sunday" 4318 2888034
129 "sunday" 4048 3064909
178 "sunday" 3594 2610171
124 "sunday" 1086 4283442
889 "sunday" 358 3561997
879 "sunday" 3278 3748860
15 "sunday" 950 4426033
258 "sunday" 1247 4730675
350 "sunday" 649 4879990
672 "sunday" 1551 3760804
770 "sunday" 890 3448218
374 "sunday" 5175 3495650
409 "sunday" 5721 3425044
654 "sunday" 6325 3507207
521 "sunday" 1929 3315216
230 "sunday" 620 4674531
306 "sunday" 2193 4733738
840 "sunday" 439 3992477
42 "sunday" 756 4713087
746 "sunday" 3380 4070967
895 "sunday" 336 3582404
582 "sunday" 265 2267064
102 "sunday" 4174 4670117
245 "sunday" 471 4604176
1 "sunday" 885 3977379
777 "sunday" 747 4179004
244 "sunday" 938 5238016
592 "sunday" 2756 3288102
69 "sunday" 968 4800713
410 "sunday" 5663 4974240
371 "sunday" 960 4716133
151 "sunday" 2961 4211602
292 "sunday" 1461 4671230
273 "sunday" 511 5180176
819 "sunday" 477 3743061
474 "sunday" 887 4772486
824 "sunday" 946 3513604
37 "sunday" 1040 2676643
475 "sunday" 416 5266128
405 "sunday" 1113 5990487
125 "sunday" 694 4407365
337 "sunday" 1032 4784178
218 "sunday" 503 4247817
452 "sunday" 3337 4092466
557 "sunday" 2689 3804116
227 "sunday" 4225 3162062
87 "sunday" 4878 3367307
740 "sunday" 1011 3779247
488 "sunday" 1106 5774999
347 "sunday" 6170 4936210
407 "sunday" 1171 4433504
236 "sunday" 1131 4659315
298 "sunday" 7058 5213756
831 "sunday" 1417 4197644
486 "sunday" 3254 3015765
748 "sunday" 873 3473604
657 "sunday" 1413 3509256
620 "sunday" 2373 3455651
92 "sunday" 786 4439092
176 "sunday" 535 3797442
438 "sunday" 5093 4625346
587 "sunday" 588 3427697
373 "sunday" 1211 3034916
803 "sunday" 1283 4482325
516 "sunday" 559 4272762
194 "sunday" 920 4353917
59 "sunday" 4968 2952855
128 "sunday" 1131 3090039
349 "sunday" 833 5658955
588 "sunday" 428 3241428
591 "sunday" 2468 2094450
673 "sunday" 1001 3501594
119 "sunday" 899 4975726
709 "sunday" 597 2276024
265 "sunday" 1083 4662510
320 "sunday" 2834 4819758
4 "sunday" 4113 4598314
354 "sunday" 4355 4517991
640 "sunday" 4649 2738239
127 "sunday" 628 4429584
517 "sunday" 296 4117419
763 "sunday" 683 3016262
674 "sunday" 1070 2308675
429 "sunday" 913 3391583
190 "sunday" 987 4190744
766 "sunday" 3538 2706757
547 "sunday" 631 3452037
795 "sunday" 2746 3050247
23 "sunday" 810 3104519
844 "sunday" 2800 3976677
266 "sunday" 876 4504603
846 "sunday" 748 3647099
719 "sunday" 1381 3829848
9 "sunday" 1142 3442642
61 "sunday" 1036 4472190
338 "sunday" 727 3225806
473 "sunday" 3016 4628982
734 "sunday" 862 3668529
381 "sunday" 7715 3397945
261 "sunday" 1069 3037220
466 "sunday" 2741 4018333
543 "sunday" 2561 3309702
577 "sunday" 3084 2365385
791 "sunday" 556 3848784
816 "sunday" 2410 3198922
66 "sunday" 4176 3407641
724 "sunday" 3231 2666180
456 "sunday" 745 4207180
775 "sunday" 1186 3488226
286 "sunday" 998 5970027
418 "sunday" 1448 5022691
317 "sunday" 1371 3337467
583 "sunday" 418 2182447
610 "sunday" 529 3150003
413 "sunday" 905 4835228
548 "sunday" 709 2498036
284 "sunday" 4113 3510063
283 "sunday" 4142 2896851
185 "sunday" 4311 2469661
720 "sunday" 1185 3955190
662 "sunday" 4129 3810706
604 "sunday" 1006 2151777
881 "sunday" 563 3773393
341 "sunday" 1704 4596265
95 "sunday" 4712 5010247
471 "sunday" 678 2636740
611 "sunday" 585 2155865
853 "sunday" 620 3908925
737 "sunday" 817 2311910
197 "sunday" 720 4212269
364 "sunday" 908 3521749
108 "sunday" 4823 3262193
515 "sunday" 2017 3263621
5 "sunday" 1461 5046683
651 "sunday" 1110 3886051
541 "sunday" 403 1766108
774 "sunday" 3145 3497493
872 "sunday" 3372 4280880
392 "sunday" 706 4182275
560 "sunday" 530 3764808
806 "sunday" 667 3856005
568 "sunday" 779 3689447
805 "sunday" 465 3878173
605 "sunday" 2680 2241681
79 "sunday" 1146 3272864
114 "sunday" 1356 3226592
25 "sunday" 4527 4272018
656 "sunday" 1765 4079720
885 "sunday" 2134 2491932
112 "sunday" 731 4929045
534 "sunday" 396 1744791
519 "sunday" 230 3051908
198 "sunday" 808 2829389
793 "sunday" 568 2169085
358 "sunday" 1216 4808290
586 "sunday" 1055 2386224
450 "sunday" 736 3243099
594 "sunday" 379 3768106
833 "sunday" 660 4188634
535 "sunday" 2319 1935800
808 "sunday" 3243 2818842
739 "sunday" 2947 3819985
76 "sunday" 860 4642391
361 "sunday" 6249 4569387
34 "sunday" 962 3922416
760 "sunday" 2448 2282399
462 "sunday" 646 4071318
558 "sunday" 764 4078849
784 "sunday" 570 4460964
487 "sunday" 3171 4713557
336 "sunday" 922 4720409
146 "sunday" 858 4553717
18 "sunday" 3975 4672470
233 "sunday" 846 3110556
385 "sunday" 1169 4983996
357 "sunday" 1045 4918529
676 "sunday" 4804 3659314
877 "sunday" 456 2350353
228 "sunday" 4539 4558248
650 "sunday" 1265 3798686
642 "sunday" 3254 4469630
903 "sunday" 289 1881414
659 "sunday" 946 3254058
331 "sunday" 805 3108545
435 "sunday" 1424 4664740
861 "sunday" 542 4209617
899 "sunday" 2587 2347861
603 "sunday" 593 3245826
235 "sunday" 3811 4563478
618 "sunday" 753 2196922
164 "sunday" 3674 2804627
834 "sunday" 1005 3111202
826 "sunday" 686 3582383
107 "sunday" 1138 3156203
200 "sunday" 7361 4830687
576 "sunday" 601 2390399
402 "sunday" 5188 2768717
504 "sunday" 605 3101793
224 "sunday" 681 4364134
368 "sunday" 4661 4658062
465 "sunday" 3187 2492801
419 "sunday" 845 4638588
35 "sunday" 738 3763797
436 "sunday" 1349 3158734
193 "sunday" 4314 4184456
634 "sunday" 3019 3612311
253 "sunday" 689 4322091
28 "sunday" 786 3495218
289 "sunday" 692 3068603
613 "sunday" 2732 3313455
652 "sunday" 1282 3369545
601 "sunday" 880 3508454
64 "sunday" 770 4652154
158 "sunday" 4384 4259362
150 "sunday" 3584 2931452
295 "sunday" 1358 4658950
21 "sunday" 635 4711172
875 "sunday" 922 3796714
540 "sunday" 263 2637437
104 "sunday" 1053 4960805
619 "sunday" 2400 2190947
412 "sunday" 1012 4962464
45 "sunday" 4150 3098186
579 "sunday" 608 3797764
552 "sunday" 471 3629845
884 "sunday" 458 2767779
440 "sunday" 761 4644599
472 "sunday" 3451 2709479
372 "sunday" 1123 4553643
378 "sunday" 1155 5131435
756 "sunday" 695 3330845
428 "sunday" 706 4331477
561 "sunday" 715 3774160
851 "sunday" 2486 4270475
575 "sunday" 499 4051323
226 "sunday" 843 3101763
648 "sunday" 3589 3125278
212 "sunday" 904 3547478
96 "sunday" 1525 5814512
189 "sunday" 554 4452639
293 "sunday" 1577 4970309
544 "sunday" 872 3917380
453 "sunday" 1093 4491552
843 "sunday" 2919 2773757
395 "sunday" 3191 2415059
313 "sunday" 1710 4603617
417 "sunday" 3850 4187171
48 "sunday" 995 4571611
84 "sunday" 555 4469528
736 "sunday" 832 3426439
663 "sunday" 1746 3682994
110 "sunday" 1330 4836937
239 "sunday" 1320 4316496
340 "sunday" 5091 4879249
732 "sunday" 3096 3839986
207 "sunday" 4730 4536127
867 "sunday" 538 3734761
415 "sunday" 1274 2987013
297 "sunday" 6064 3326548
345 "sunday" 647 3198641
175 "sunday" 653 4356162
744 "sunday" 823 2468383
765 "sunday" 829 2251746
205 "sunday" 1427 3023096
728 "sunday" 547 2582752
223 "sunday" 581 4293734
752 "sunday" 3445 2712593
550 "sunday" 2848 3000934
710 "sunday" 3827 2906571
559 "sunday" 547 3872458
117 "sunday" 1125 4904732
52 "sunday" 5124 3254574
166 "sunday" 568 4268364
99 "sunday" 789 4704661
210 "sunday" 672 4606994
745 "sunday" 3727 2807844
174 "sunday" 625 4497408
281 "sunday" 788 4286243
16 "sunday" 720 3290019
617 "sunday" 1028 3280575
892 "sunday" 2305 2243183
111 "sunday" 752 4776397
241 "sunday" 4103 3091886
489 "sunday" 493 5281561
3 "sunday" 4641 3320550
635 "sunday" 923 3541012
533 "sunday" 316 2962443
470 "sunday" 544 3617986
666 "sunday" 1009 3538706
232 "sunday" 612 4371863
878 "sunday" 2628 2272961
590 "sunday" 533 2089384
866 "sunday" 668 3250006
644 "sunday" 1069 3773650
718 "sunday" 3805 3768056
523 "sunday" 526 3539852
476 "sunday" 313 5221121
717 "sunday" 4284 2845251
771 "sunday" 737 3279431
113 "sunday" 1063 4463862
773 "sunday" 2965 2565723
776 "sunday" 796 3569212
216 "sunday" 556 4568343
131 "sunday" 1449 4574849
464 "sunday" 459 2294458
513 "sunday" 451 1610629
595 "sunday" 408 3777327
873 "sunday" 1004 3970924
628 "sunday" 1185 3746928
255 "sunday" 4649 2915126
304 "sunday" 5317 3183445
664 "sunday" 931 3448940
142 "sunday" 1114 2610942
658 "sunday" 1606 3662279
715 "sunday" 768 3645201
252 "sunday" 395 4609535
300 "sunday" 1310 5167343
556 "sunday" 2697 2537500
148 "sunday" 775 4502496
442 "sunday" 657 4203058
468 "sunday" 498 4086746
171 "sunday" 3562 2570010
60 "sunday" 4353 4413146
20 "sunday" 964 4710355
275 "sunday" 732 2720440
13 "sunday" 1274 5163213
91 "sunday" 712 4859976
503 "sunday" 512 3604625
22 "sunday" 1243 4481679
896 "sunday" 378 3698130
80 "sunday" 4033 3195094
369 "sunday" 1567 4774040
279 "sunday" 688 4730333
835 "sunday" 674 2198902
310 "sunday" 1126 3158000
675 "sunday" 4621 3030161
727 "sunday" 913 3412323
729 "sunday" 699 2637364
375 "sunday" 5760 4803900
57 "sunday" 1245 3922006
427 "sunday" 652 4937024
836 "sunday" 2827 2387619
263 "sunday" 5634 4402749
65 "sunday" 878 3281718
555 "sunday" 669 2374703
479 "sunday" 3125 3152739
251 "sunday" 752 4540717
250 "sunday" 1332 4496626
612 "sunday" 2914 2215055
152 "sunday" 1026 4525225
510 "sunday" 345 2625026
359 "sunday" 1338 3089523
455 "sunday" 771 4615643
526 "sunday" 431 2543410
213 "sunday" 4806 3183096
296 "sunday" 980 3056471
564 "sunday" 3361 3969317
762 "sunday" 903 2966030
256 "sunday" 4977 4422591
414 "sunday" 1148 4538673
498 "sunday" 332 2782958
514 "sunday" 2160 2062801
891 "sunday" 411 2104281
133 "sunday" 747 4491081
43 "sunday" 808 4336214
477 "sunday" 590 5381232
500 "sunday" 3193 1989637
520 "sunday" 424 3202814
83 "sunday" 535 4501659
321 "sunday" 1878 4894242
209 "sunday" 905 4646267
403 "sunday" 989 323755
768 "sunday" 1737 3568876
868 "sunday" 452 3900189
593 "sunday" 669 3367380
501 "sunday" 2440 2833178
598 "sunday" 2446 1966927
201 "sunday" 3490 4753982
2 "sunday" 1027 2989580
636 "sunday" 507 3630893
315 "sunday" 1350 5000514
484 "sunday" 413 4454840
706 "sunday" 819 3989821
639 "sunday" 574 2466350
897 "sunday" 235 3375196
139 "sunday" 720 4445784
812 "sunday" 468 3850987
220 "sunday" 3377 2686696
449 "sunday" 718 4603270
869 "sunday" 709 3936213
420 "sunday" 768 5162404
282 "sunday" 1107 2932588
257 "sunday" 2168 4723534
830 "sunday" 1311 2618928
56 "sunday" 913 4302053
78 "sunday" 762 4128740
539 "sunday" 233 2674867
50 "sunday" 1142 4669996
580 "sunday" 226 2515613
170 "sunday" 765 2550442
860 "sunday" 622 3453180
240 "sunday" 1206 3072054
134 "sunday" 1172 4295688
492 "sunday" 692 3479341
49 "sunday" 1192 4696779
751 "sunday" 651 3049932
854 "sunday" 525 3733281
389 "sunday" 5249 4578804
430 "sunday" 4803 3551713
90 "sunday" 889 4627667
589 "sunday" 432 3242967
497 "sunday" 417 3628432
633 "sunday" 2556 2447718
446 "sunday" 1475 5245562
384 "sunday" 1420 5366107
153 "sunday" 512 4522341
713 "sunday" 1150 3947456
789 "sunday" 1162 3912056
599 "sunday" 2413 3712119
512 "sunday" 851 2695902
362 "sunday" 1707 4586531
804 "sunday" 623 4726883
821 "sunday" 859 2314979
188 "sunday" 586 3358609
67 "sunday" 4095 4632475
161 "sunday" 591 4498393
309 "sunday" 1260 4626876
597 "sunday" 713 2140766
859 "sunday" 900 3676591
271 "sunday" 1450 4185168
249 "sunday" 3966 4215929
332 "sunday" 4530 3064726
303 "sunday" 915 2997988
567 "sunday" 508 3932623
802 "sunday" 3126 4382679
874 "sunday" 762 3729822
416 "sunday" 4258 3154516
177 "sunday" 809 2407407
757 "sunday" 751 2809841
629 "sunday" 912 4210102
865 "sunday" 2811 3981668
637 "sunday" 473 3718902
632 "sunday" 485 2394198
545 "sunday" 539 4179753
602 "sunday" 614 3723142
192 "sunday" 3770 2749326
143 "sunday" 3225 2633443
136 "sunday" 4388 3079235
278 "sunday" 1407 4705093
733 "sunday" 1257 3493488
845 "sunday" 936 3452729
901 "sunday" 779 3754529
291 "sunday" 6439 4339309
204 "sunday" 1791 4270522
467 "sunday" 577 3887172
863 "sunday" 744 2427217
444 "sunday" 4877 3156869
665 "sunday" 875 3731409
509 "sunday" 719 2770367
238 "sunday" 658 4800688
531 "sunday" 623 2386348
653 "sunday" 1359 2821517
551 "sunday" 1051 3745193
490 "sunday" 580 5482872
217 "sunday" 530 4603440
525 "sunday" 251 2934020
259 "sunday" 618 4612186
880 "sunday" 1042 3783106
370 "sunday" 1199 5120116
566 "sunday" 562 4265485
537 "sunday" 537 2880973
10 "sunday" 5266 3950986
643 "sunday" 1768 4132571
214 "sunday" 3514 4477315
399 "sunday" 879 3749145
485 "sunday" 557 3011371
546 "sunday" 465 4006408
469 "sunday" 458 4144165
463 "sunday" 513 3789249
660 "sunday" 759 2251804
542 "sunday" 2232 1830874
494 "sunday" 4040 4830149
172 "sunday" 3154 4040589
726 "sunday" 1316 3420679
538 "sunday" 318 2788934
97 "sunday" 739 4878721
461 "sunday" 609 4083850
63 "sunday" 495 4596459
81 "sunday" 3469 3879827
98 "sunday" 553 4908066
6 "sunday" 904 4742773
8 "sunday" 761 4486722
842 "sunday" 885 2780476
893 "sunday" 2101 3424569
0 "sunday" 106 660268
89 "sunday" 1208 4670402
741 "sunday" 949 4437240
596 "sunday" 461 3264638
600 "sunday" 1144 3609342
747 "sunday" 1685 4162044
147 "sunday" 905 4693353
645 "sunday" 881 3748481
708 "sunday" 869 4026620
458 "sunday" 3226 2764407
481 "sunday" 846 4775236
100 "sunday" 993 3258156
408 "sunday" 1279 3003359
721 "sunday" 1025 3515300
343 "sunday" 995 4811329
529 "sunday" 2602 2423554
536 "sunday" 2465 2854620
800 "sunday" 485 1478259
159 "sunday" 1086 4693229
483 "sunday" 491 4986413
790 "sunday" 712 3965176
813 "sunday" 488 3686896
199 "sunday" 5179 3009781
363 "sunday" 1377 4615436
810 "sunday" 694 3718545
400 "sunday" 959 3834045
274 "sunday" 628 4517075
137 "sunday" 4184 4376274
565 "sunday" 1242 4150408
882 "sunday" 428 3927738
335 "sunday" 1112 5255320
754 "sunday" 1302 3327467
30 "sunday" 855 3200741
352 "sunday" 1035 3051995
387 "sunday" 1119 3136514
386 "sunday" 1228 4415622
33 "sunday" 1647 3960114
288 "sunday" 932 4298177
584 "sunday" 2400 1947317
609 "sunday" 553 3671693
334 "sunday" 1861 5311661
290 "sunday" 6128 3246816
459 "sunday" 3158 3898257
242 "sunday" 3627 4412038
268 "sunday" 1074 2885698
493 "sunday" 3883 3701967
723 "sunday" 657 2671735
55 "sunday" 731 4346280
