883 "violence" 297 6623969
704 "violence" 359 3897091
856 "violence" 408 2500075
807 "violence" 316 2589292
422 "violence" 367 3340031
301 "violence" 1347 4974293
578 "violence" 233 3778636
817 "violence" 667 3545631
423 "violence" 304 3593282
11 "violence" 681 5076085
677 "violence" 753 2795154
316 "violence" 501 4760984
631 "violence" 1818 3465836
379 "violence" 325 4754134
554 "violence" 407 3437340
181 "violence" 432 4115145
294 "violence" 511 4935176
138 "violence" 588 4530456
623 "violence" 221 3697934
40 "violence" 977 5016991
46 "violence" 593 4647737
229 "violence" 1036 4618236
815 "violence" 450 2500055
780 "violence" 177 2798674
54 "violence" 669 4516401
195 "violence" 665 4509327
606 "violence" 351 3438838
396 "violence" 418 3019202
123 "violence" 476 4390534
120 "violence" 454 4127933
437 "violence" 321 3242335
448 "violence" 616 5061752
155 "violence" 575 4338452
302 "violence" 710 4416049
890 "violence" 258 3236710
524 "violence" 315 3672117
626 "violence" 1446 2521199
44 "violence" 495 2824642
182 "violence" 887 4328019
149 "violence" 238 2873197
421 "violence" 413 4734608
624 "violence" 391 3392113
157 "violence" 336 2827932
382 "violence" 372 4848535
730 "violence" 699 2129305
329 "violence" 968 5048823
649 "violence" 503 3756953
277 "violence" 530 4510454
506 "violence" 140 2280882
165 "violence" 391 4205059
669 "violence" 510 4169888
156 "violence" 322 2933652
703 "violence" 181 2124225
344 "violence" 569 4902639
772 "violence" 226 2352231
154 "violence" 531 4360701
287 "violence" 387 4636599
574 "violence" 309 4039212
841 "violence" 472 3572842
761 "violence" 199 2764696
616 "violence" 306 3565087
103 "violence" 657 4788773
508 "violence" 150 2749942
26 "violence" 498 4338785
73 "violence" 485 3273786
327 "violence" 490 4550815
870 "violence" 297 2780452
203 "violence" 1107 4472806
324 "violence" 340 3264547
511 "violence" 325 3063958
646 "violence" 345 2290270
383 "violence" 502 4754648
825 "violence" 538 3779952
425 "violence" 351 4623706
248 "violence" 526 2647463
328 "violence" 721 4867842
570 "violence" 265 2545168
116 "violence" 576 4644643
225 "violence" 1599 4188329
571 "violence" 497 4191584
391 "violence" 421 4230291
848 "violence" 856 4528591
563 "violence" 245 2677245
894 "violence" 388 3639123
163 "violence" 289 2785365
886 "violence" 357 3512281
243 "violence" 794 4522801
495 "violence" 428 4501243
750 "violence" 294 3141790
655 "violence" 506 3971287
549 "violence" 313 2589705
786 "violence" 307 2422375
88 "violence" 602 4592676
162 "violence" 274 4368391
615 "violence" 152 3462001
755 "violence" 259 3452522
434 "violence" 770 5243354
276 "violence" 547 2877271
785 "violence" 354 4745278
641 "violence" 1005 4287095
319 "violence" 629 4820375
847 "violence" 625 3748726
267 "violence" 779 4214226
822 "violence" 332 2794707
68 "violence" 343 4616161
126 "violence" 417 4392170
426 "violence" 723 4480732
480 "violence" 227 4382499
254 "violence" 240 2661764
101 "violence" 466 3506408
711 "violence" 812 4163878
390 "violence" 454 4092493
451 "violence" 265 3415556
625 "violence" 644 2419667
53 "violence" 619 3957246
572 "violence" 520 4839349
731 "violence" 315 2648796
505 "violence" 279 3298435
764 "violence" 270 3116285
215 "violence" 602 4675935
72 "violence" 574 3205791
518 "violence" 402 3945886
24 "violence" 373 3060131
348 "violence" 348 5110848
169 "violence" 560 3890442
614 "violence" 346 3733012
788 "violence" 223 4741652
441 "violence" 471 5544096
51 "violence" 283 4105936
222 "violence" 831 4192195
714 "violence" 285 3751506
160 "violence" 468 4482613
202 "violence" 1061 4670018
782 "violence" 237 4239273
75 "violence" 493 4579666
898 "violence" 226 2118847
360 "violence" 298 3523798
247 "violence" 515 2520574
792 "violence" 292 3408712
621 "violence" 224 6504326
94 "violence" 476 3265793
852 "violence" 471 4010576
758 "violence" 209 2079118
496 "violence" 341 3725602
168 "violence" 475 4065543
491 "violence" 274 4865886
767 "violence" 354 2793752
322 "violence" 419 4958658
71 "violence" 473 4509470
41 "violence" 814 4957463
219 "violence" 491 2720683
353 "violence" 348 3358402
667 "violence" 405 2584894
562 "violence" 180 2568633
377 "violence" 399 4989335
58 "violence" 371 2914617
569 "violence" 292 2878348
823 "violence" 548 3841293
738 "violence" 172 2652019
443 "violence" 246 2969332
187 "violence" 482 2502894
122 "violence" 371 2810253
876 "violence" 528 3425537
862 "violence" 567 3509373
424 "violence" 380 4894003
221 "violence" 535 3107732
530 "violence" 101 2532880
19 "violence" 536 4488733
670 "violence" 424 3718859
27 "violence" 702 4022467
86 "violence" 650 3309795
7 "violence" 1086 4655603
671 "violence" 290 3861537
38 "violence" 567 3040015
285 "violence" 688 4366242
326 "violence" 549 4565233
743 "violence" 394 3570753
272 "violence" 532 4551867
312 "violence" 488 4693756
457 "violence" 357 2524135
827 "violence" 336 2179522
17 "violence" 646 3260643
191 "violence" 591 2905549
339 "violence" 266 3178056
439 "violence" 440 4645945
388 "violence" 360 3384201
367 "violence" 306 2984685
607 "violence" 238 3398379
380 "violence" 237 3242533
31 "violence" 397 2921246
14 "violence" 609 4983113
528 "violence" 130 1592211
135 "violence" 299 3044464
725 "violence" 314 3883337
581 "violence" 163 1587650
234 "violence" 795 2821690
70 "violence" 515 4905867
305 "violence" 608 4342723
132 "violence" 347 4475862
478 "violence" 110 3640602
404 "violence" 497 3717186
627 "violence" 2728 3870696
608 "violence" 252 3340789
237 "violence" 827 4806965
32 "violence" 498 3980524
12 "violence" 670 5125939
280 "violence" 730 4727916
330 "violence" 839 4521996
781 "violence" 207 3528852
809 "violence" 483 3731500
118 "violence" 506 5178713
431 "violence" 698 4768668
333 "violence" 492 4951951
406 "violence" 598 4768082
622 "violence" 266 3931684
342 "violence" 527 5016457
308 "violence" 710 4747688
307 "violence" 497 5036032
630 "violence" 2389 3745573
167 "violence" 501 4128658
269 "violence" 324 3045303
394 "violence" 260 2759293
231 "violence" 1022 4907639
264 "violence" 708 4682356
311 "violence" 529 3143766
707 "violence" 400 3993790
144 "violence" 507 4157667
522 "violence" 235 4289615
779 "violence" 199 2606559
173 "violence" 714 4103950
661 "violence" 373 3003629
183 "violence" 616 4257148
401 "violence" 342 2872294
801 "violence" 232 3161683
260 "violence" 620 4236287
705 "violence" 376 4149974
778 "violence" 215 3409283
553 "violence" 368 4053200
460 "violence" 620 3955559
62 "violence" 417 4643934
749 "violence" 405 3645271
398 "violence" 354 3704711
39 "violence" 775 4415517
433 "violence" 417 4990891
900 "violence" 470 3493228
888 "violence" 372 3635953
180 "violence" 593 4218664
447 "violence" 491 4990514
783 "violence" 282 4008272
346 "violence" 314 3880059
864 "violence" 341 2826178
887 "violence" 348 3989819
839 "violence" 826 3578765
837 "violence" 509 3672733
393 "violence" 382 3816877
85 "violence" 438 4459009
314 "violence" 573 4943541
769 "violence" 337 3412295
818 "violence" 739 3977862
211 "violence" 432 4855598
36 "violence" 564 2989276
196 "violence" 861 4447578
585 "violence" 362 3053066
857 "violence" 474 2508775
323 "violence" 468 5209124
29 "violence" 613 2589823
832 "violence" 664 3607100
849 "violence" 1517 2777073
270 "violence" 611 4204264
47 "violence" 645 4410375
794 "violence" 234 2544237
208 "violence" 755 4286399
140 "violence" 495 4657102
93 "violence" 494 3210774
299 "violence" 741 5176811
115 "violence" 521 3109516
716 "violence" 220 2348608
179 "violence" 537 4093389
262 "violence" 915 2863093
105 "violence" 461 4892222
871 "violence" 301 2928964
858 "violence" 486 3532834
184 "violence" 413 2394581
638 "violence" 1012 3460136
850 "violence" 884 2873211
355 "violence" 386 4740512
351 "violence" 373 4547909
499 "violence" 199 1713420
325 "violence" 379 3428276
742 "violence" 483 3629904
397 "violence" 330 3732190
811 "violence" 524 3853376
121 "violence" 245 2818519
109 "violence" 1488 4517584
902 "violence" 574 4170504
366 "violence" 261 2883243
106 "violence" 966 4546153
454 "violence" 408 4710088
507 "violence" 119 2403004
527 "violence" 142 1602542
759 "violence" 269 2257032
365 "violence" 852 3755213
411 "violence" 489 4827397
502 "violence" 290 3306520
246 "violence" 625 4284502
787 "violence" 291 2719693
855 "violence" 294 3196438
376 "violence" 440 4858521
82 "violence" 620 4563599
668 "violence" 299 3138222
74 "violence" 476 4590027
445 "violence" 345 4462366
647 "violence" 346 2488705
141 "violence" 416 4118444
318 "violence" 408 3614367
573 "violence" 302 4107353
532 "violence" 144 2891624
145 "violence" 424 4233929
77 "violence" 588 4765974
735 "violence" 424 3848849
820 "violence" 492 3497814
712 "violence" 697 3862094
753 "violence" 514 3458788
186 "violence" 414 3154334
814 "violence" 490 2628729
432 "violence" 363 4661745
838 "violence" 548 3793223
722 "violence" 257 3325505
482 "violence" 393 4762025
356 "violence" 383 5295321
130 "violence" 297 4412446
206 "violence" 422 2888034
129 "violence" 277 3064909
178 "violence" 263 2610171
124 "violence" 450 4283442
889 "violence" 292 3561997
879 "violence" 408 3748860
15 "violence" 533 4426033
258 "violence" 610 4730675
350 "violence" 364 4879990
672 "violence" 429 3760804
770 "violence" 278 3448218
374 "violence" 340 3495650
409 "violence" 545 3425044
654 "violence" 441 3507207
521 "violence" 188 3315216
230 "violence" 1063 4674531
306 "violence" 621 4733738
840 "violence" 529 3992477
42 "violence" 711 4713087
746 "violence" 361 4070967
895 "violence" 404 3582404
582 "violence" 349 2267064
102 "violence" 527 4670117
245 "violence" 599 4604176
1 "violence" 720 3977379
777 "violence" 333 4179004
244 "violence" 719 5238016
592 "violence" 270 3288102
69 "violence" 418 4800713
410 "violence" 617 4974240
371 "violence" 973 4716133
151 "violence" 411 4211602
292 "violence" 613 4671230
273 "violence" 463 5180176
819 "violence" 728 3743061
474 "violence" 298 4772486
824 "violence" 570 3513604
37 "violence" 727 2676643
475 "violence" 292 5266128
405 "violence" 645 5990487
125 "violence" 491 4407365
337 "violence" 559 4784178
218 "violence" 684 4247817
452 "violence" 309 4092466
557 "violence" 486 3804116
227 "violence" 1222 3162062
87 "violence" 583 3367307
740 "violence" 453 3779247
488 "violence" 331 5774999
347 "violence" 475 4936210
407 "violence" 462 4433504
236 "violence" 878 4659315
298 "violence" 627 5213756
831 "violence" 719 4197644
486 "violence" 263 3015765
748 "violence" 309 3473604
657 "violence" 455 3509256
620 "violence" 320 3455651
92 "violence" 480 4439092
176 "violence" 458 3797442
438 "violence" 487 4625346
587 "violence" 474 3427697
373 "violence" 291 3034916
803 "violence" 324 4482325
516 "violence" 215 4272762
194 "violence" 607 4353917
59 "violence" 278 2952855
128 "violence" 370 3090039
349 "violence" 248 5658955
588 "violence" 288 3241428
591 "violence" 284 2094450
673 "violence" 307 3501594
119 "violence" 549 4975726
709 "violence" 207 2276024
265 "violence" 675 4662510
320 "violence" 591 4819758
4 "violence" 772 4598314
354 "violence" 387 4517991
640 "violence" 1006 2738239
127 "violence" 436 4429584
517 "violence" 341 4117419
763 "violence" 225 3016262
674 "violence" 210 2308675
429 "violence" 299 3391583
190 "violence" 959 4190744
766 "violence" 206 2706757
547 "violence" 318 3452037
795 "violence" 232 3050247
23 "violence" 421 3104519
844 "violence" 296 3976677
266 "violence" 737 4504603
846 "violence" 405 3647099
719 "violence" 389 3829848
9 "violence" 751 3442642
61 "violence" 409 4472190
338 "violence" 344 3225806
473 "violence" 247 4628982
734 "violence" 293 3668529
381 "violence" 302 3397945
261 "violence" 437 3037220
466 "violence" 320 4018333
543 "violence" 364 3309702
577 "violence" 133 2365385
791 "violence" 263 3848784
816 "violence" 477 3198922
66 "violence" 365 3407641
724 "violence" 214 2666180
456 "violence" 488 4207180
775 "violence" 281 3488226
286 "violence" 440 5970027
418 "violence" 422 5022691
317 "violence" 304 3337467
583 "violence" 270 2182447
610 "violence" 390 3150003
413 "violence" 310 4835228
548 "violence" 309 2498036
284 "violence" 655 3510063
283 "violence" 399 2896851
185 "violence" 231 2469661
720 "violence" 383 3955190
662 "violence" 509 3810706
604 "violence" 286 2151777
881 "violence" 618 3773393
341 "violence" 604 4596265
95 "violence" 733 5010247
471 "violence" 137 2636740
611 "violence" 226 2155865
853 "violence" 368 3908925
737 "violence" 158 2311910
197 "violence" 698 4212269
364 "violence" 437 3521749
108 "violence" 1047 3262193
515 "violence" 241 3263621
5 "violence" 704 5046683
651 "violence" 472 3886051
541 "violence" 75 1766108
774 "violence" 296 3497493
872 "violence" 377 4280880
392 "violence" 424 4182275
560 "violence" 319 3764808
806 "violence" 476 3856005
568 "violence" 378 3689447
805 "violence" 467 3878173
605 "violence" 335 2241681
79 "violence" 640 3272864
114 "violence" 394 3226592
25 "violence" 401 4272018
656 "violence" 611 4079720
885 "violence" 318 2491932
112 "violence" 545 4929045
534 "violence" 127 1744791
519 "violence" 471 3051908
198 "violence" 661 2829389
793 "violence" 288 2169085
358 "violence" 270 4808290
586 "violence" 274 2386224
450 "violence" 327 3243099
594 "violence" 305 3768106
833 "violence" 946 4188634
535 "violence" 69 1935800
808 "violence" 422 2818842
739 "violence" 304 3819985
76 "violence" 433 4642391
361 "violence" 346 4569387
34 "violence" 571 3922416
760 "violence" 143 2282399
462 "violence" 384 4071318
558 "violence" 368 4078849
784 "violence" 283 4460964
487 "violence" 295 4713557
336 "violence" 654 4720409
146 "violence" 426 4553717
18 "violence" 874 4672470
233 "violence" 662 3110556
385 "violence" 491 4983996
357 "violence" 323 4918529
676 "violence" 1092 3659314
877 "violence" 384 2350353
228 "violence" 1178 4558248
650 "violence" 568 3798686
642 "violence" 764 4469630
903 "violence" 206 1881414
659 "violence" 502 3254058
331 "violence" 463 3108545
435 "violence" 665 4664740
861 "violence" 503 4209617
899 "violence" 288 2347861
603 "violence" 371 3245826
235 "violence" 1268 4563478
618 "violence" 216 2196922
164 "violence" 261 2804627
834 "violence" 532 3111202
826 "violence" 537 3582383
107 "violence" 1039 3156203
200 "violence" 1699 4830687
576 "violence" 208 2390399
402 "violence" 444 2768717
504 "violence" 183 3101793
224 "violence" 684 4364134
368 "violence" 748 4658062
465 "violence" 220 2492801
419 "violence" 372 4638588
35 "violence" 559 3763797
436 "violence" 264 3158734
193 "violence" 474 4184456
634 "violence" 623 3612311
253 "violence" 478 4322091
28 "violence" 851 3495218
289 "violence" 460 3068603
613 "violence" 270 3313455
652 "violence" 503 3369545
601 "violence" 473 3508454
64 "violence" 444 4652154
158 "violence" 610 4259362
150 "violence" 207 2931452
295 "violence" 536 4658950
21 "violence" 623 4711172
875 "violence" 401 3796714
540 "violence" 105 2637437
104 "violence" 598 4960805
619 "violence" 282 2190947
412 "violence" 377 4962464
45 "violence" 411 3098186
579 "violence" 155 3797764
552 "violence" 405 3629845
884 "violence" 269 2767779
440 "violence" 639 4644599
472 "violence" 153 2709479
372 "violence" 503 4553643
378 "violence" 495 5131435
756 "violence" 297 3330845
428 "violence" 495 4331477
561 "violence" 281 3774160
851 "violence" 800 4270475
575 "violence" 394 4051323
226 "violence" 1320 3101763
648 "violence" 705 3125278
212 "violence" 459 3547478
96 "violence" 747 5814512
189 "violence" 885 4452639
293 "violence" 606 4970309
544 "violence" 345 3917380
453 "violence" 513 4491552
843 "violence" 181 2773757
395 "violence" 251 2415059
313 "violence" 447 4603617
417 "violence" 364 4187171
48 "violence" 532 4571611
84 "violence" 726 4469528
736 "violence" 323 3426439
663 "violence" 541 3682994
110 "violence" 1315 4836937
239 "violence" 921 4316496
340 "violence" 533 4879249
732 "violence" 482 3839986
207 "violence" 827 4536127
867 "violence" 476 3734761
415 "violence" 330 2987013
297 "violence" 334 3326548
345 "violence" 311 3198641
175 "violence" 481 4356162
744 "violence" 268 2468383
765 "violence" 187 2251746
205 "violence" 486 3023096
728 "violence" 356 2582752
223 "violence" 664 4293734
752 "violence" 204 2712593
550 "violence" 362 3000934
710 "violence" 266 2906571
559 "violence" 281 3872458
117 "violence" 552 4904732
52 "violence" 524 3254574
166 "violence" 264 4268364
99 "violence" 423 4704661
210 "violence" 904 4606994
745 "violence" 319 2807844
174 "violence" 592 4497408
281 "violence" 630 4286243
16 "violence" 664 3290019
617 "violence" 274 3280575
892 "violence" 260 2243183
111 "violence" 725 4776397
241 "violence" 485 3091886
489 "violence" 432 5281561
3 "violence" 676 3320550
635 "violence" 964 3541012
533 "violence" 141 2962443
470 "violence" 248 3617986
666 "violence" 427 3538706
232 "violence" 1059 4371863
878 "violence" 309 2272961
590 "violence" 395 2089384
866 "violence" 329 3250006
644 "violence" 511 3773650
718 "violence" 290 3768056
523 "violence" 232 3539852
476 "violence" 225 5221121
717 "violence" 244 2845251
771 "violence" 280 3279431
113 "violence" 362 4463862
773 "violence" 307 2565723
776 "violence" 226 3569212
216 "violence" 405 4568343
131 "violence" 432 4574849
464 "violence" 150 2294458
513 "violence" 184 1610629
595 "violence" 215 3777327
873 "violence" 436 3970924
628 "violence" 2197 3746928
255 "violence" 244 2915126
304 "violence" 497 3183445
664 "violence" 371 3448940
142 "violence" 172 2610942
658 "violence" 628 3662279
715 "violence" 297 3645201
252 "violence" 576 4609535
300 "violence" 770 5167343
556 "violence" 423 2537500
148 "violence" 377 4502496
442 "violence" 412 4203058
468 "violence" 430 4086746
171 "violence" 212 2570010
60 "violence" 518 4413146
20 "violence" 480 4710355
275 "violence" 862 2720440
13 "violence" 665 5163213
91 "violence" 488 4859976
503 "violence" 151 3604625
22 "violence" 547 4481679
896 "violence" 421 3698130
80 "violence" 707 3195094
369 "violence" 413 4774040
279 "violence" 394 4730333
835 "violence" 410 2198902
310 "violence" 418 3158000
675 "violence" 283 3030161
727 "violence" 306 3412323
729 "violence" 436 2637364
375 "violence" 472 4803900
57 "violence" 331 3922006
427 "violence" 506 4937024
836 "violence" 432 2387619
263 "violence" 907 4402749
65 "violence" 316 3281718
555 "violence" 300 2374703
479 "violence" 120 3152739
251 "violence" 551 4540717
250 "violence" 473 4496626
612 "violence" 198 2215055
152 "violence" 573 4525225
510 "violence" 261 2625026
359 "violence" 298 3089523
455 "violence" 497 4615643
526 "violence" 190 2543410
213 "violence" 549 3183096
296 "violence" 424 3056471
564 "violence" 318 3969317
762 "violence" 241 2966030
256 "violence" 438 4422591
414 "violence" 356 4538673
498 "violence" 218 2782958
514 "violence" 190 2062801
891 "violence" 275 2104281
133 "violence" 434 4491081
43 "violence" 661 4336214
477 "violence" 210 5381232
500 "violence" 292 1989637
520 "violence" 283 3202814
83 "violence" 751 4501659
321 "violence" 477 4894242
209 "violence" 730 4646267
403 "violence" 46 323755
768 "violence" 485 3568876
868 "violence" 436 3900189
593 "violence" 251 3367380
501 "violence" 258 2833178
598 "violence" 246 1966927
201 "violence" 1776 4753982
2 "violence" 556 2989580
636 "violence" 962 3630893
315 "violence" 549 5000514
484 "violence" 239 4454840
706 "violence" 335 3989821
639 "violence" 1113 2466350
897 "violence" 296 3375196
139 "violence" 440 4445784
812 "violence" 1035 3850987
220 "violence" 434 2686696
449 "violence" 566 4603270
869 "violence" 435 3936213
420 "violence" 359 5162404
282 "violence" 307 2932588
257 "violence" 534 4723534
830 "violence" 382 2618928
56 "violence" 601 4302053
78 "violence" 567 4128740
539 "violence" 172 2674867
50 "violence" 516 4669996
580 "violence" 180 2515613
170 "violence" 308 2550442
860 "violence" 458 3453180
240 "violence" 657 3072054
134 "violence" 495 4295688
492 "violence" 229 3479341
49 "violence" 494 4696779
751 "violence" 155 3049932
854 "violence" 340 3733281
389 "violence" 412 4578804
430 "violence" 299 3551713
90 "violence" 509 4627667
589 "violence" 343 3242967
497 "violence" 264 3628432
633 "violence" 865 2447718
446 "violence" 383 5245562
384 "violence" 441 5366107
153 "violence" 308 4522341
713 "violence" 357 3947456
789 "violence" 271 3912056
599 "violence" 261 3712119
512 "violence" 240 2695902
362 "violence" 367 4586531
804 "violence" 278 4726883
821 "violence" 418 2314979
188 "violence" 469 3358609
67 "violence" 455 4632475
161 "violence" 511 4498393
309 "violence" 724 4626876
597 "violence" 186 2140766
859 "violence" 573 3676591
271 "violence" 636 4185168
249 "violence" 438 4215929
332 "violence" 367 3064726
303 "violence" 515 2997988
567 "violence" 566 3932623
802 "violence" 207 4382679
874 "violence" 295 3729822
416 "violence" 377 3154516
177 "violence" 263 2407407
757 "violence" 248 2809841
629 "violence" 2838 4210102
865 "violence" 359 3981668
637 "violence" 743 3718902
632 "violence" 1081 2394198
545 "violence" 339 4179753
602 "violence" 299 3723142
192 "violence" 276 2749326
143 "violence" 232 2633443
136 "violence" 279 3079235
278 "violence" 474 4705093
733 "violence" 300 3493488
845 "violence" 311 3452729
901 "violence" 801 3754529
291 "violence" 580 4339309
204 "violence" 1023 4270522
467 "violence" 296 3887172
863 "violence" 327 2427217
444 "violence" 260 3156869
665 "violence" 447 3731409
509 "violence" 205 2770367
238 "violence" 790 4800688
531 "violence" 220 2386348
653 "violence" 350 2821517
551 "violence" 553 3745193
490 "violence" 186 5482872
217 "violence" 766 4603440
525 "violence" 220 2934020
259 "violence" 763 4612186
880 "violence" 443 3783106
370 "violence" 451 5120116
566 "violence" 481 4265485
537 "violence" 180 2880973
10 "violence" 720 3950986
643 "violence" 644 4132571
214 "violence" 628 4477315
399 "violence" 315 3749145
485 "violence" 180 3011371
546 "violence" 326 4006408
469 "violence" 271 4144165
463 "violence" 251 3789249
660 "violence" 389 2251804
542 "violence" 219 1830874
494 "violence" 316 4830149
172 "violence" 430 4040589
726 "violence" 274 3420679
538 "violence" 228 2788934
97 "violence" 454 4878721
461 "violence" 418 4083850
63 "violence" 392 4596459
81 "violence" 422 3879827
98 "violence" 453 4908066
6 "violence" 761 4742773
8 "violence" 823 4486722
842 "violence" 341 2780476
893 "violence" 425 3424569
0 "violence" 131 660268
89 "violence" 656 4670402
741 "violence" 550 4437240
596 "violence" 334 3264638
600 "violence" 434 3609342
747 "violence" 228 4162044
147 "violence" 385 4693353
645 "violence" 604 3748481
708 "violence" 282 4026620
458 "violence" 258 2764407
481 "violence" 345 4775236
100 "violence" 293 3258156
408 "violence" 299 3003359
721 "violence" 419 3515300
343 "violence" 466 4811329
529 "violence" 123 2423554
536 "violence" 185 2854620
800 "violence" 99 1478259
159 "violence" 482 4693229
483 "violence" 374 4986413
790 "violence" 292 3965176
813 "violence" 768 3686896
199 "violence" 1328 3009781
363 "violence" 396 4615436
810 "violence" 421 3718545
400 "violence" 329 3834045
274 "violence" 696 4517075
137 "violence" 479 4376274
565 "violence" 310 4150408
882 "violence" 350 3927738
335 "violence" 403 5255320
754 "violence" 357 3327467
30 "violence" 461 3200741
352 "violence" 285 3051995
387 "violence" 387 3136514
386 "violence" 434 4415622
33 "violence" 481 3960114
288 "violence" 376 4298177
584 "violence" 458 1947317
609 "violence" 334 3671693
334 "violence" 534 5311661
290 "violence" 285 3246816
459 "violence" 386 3898257
242 "violence" 593 4412038
268 "violence" 349 2885698
493 "violence" 258 3701967
723 "violence" 262 2671735
55 "violence" 571 4346280
